s config file was automatically generated
# using lirc-0.6.4(any) on Tue Apr 23 17:58:21 2002
#
# contributed by Jan Grell <jan@grell-netz.de>
#
# brand:                       Skymaster 7 in 1 Universal remote control
# model no. of remote control: Item No. 2416
# supported devices:           misc.
# Code: 		       VCR 822

begin remote

  name   lircd.conf
  flags CONST_LENGTH|RAW_CODES
  eps            30
  aeps          100

  ptrail       1797
  repeat     0     0
  gap    114169

      begin raw_codes

          name power
              929     881    1795     880     896     881
              896    1763    1797    1762    1834     876
              898    1763     898     884    1794     879
              899

          name red
              925     883     900     881    1796     876
              898    1765    1795    1763    1833     878
              896    1762     907     878     900     879
             1795

          name green
              932     880    1798     877     900     878
              897    1764    1793    1761     904     915
             1798    1760     904     879     900     879
              900     879     906

          name yellow
              926     882     902     880    1798     879
              897    1762    1796    1761     899     919
              899     877     905     881    1809    1750
              898     881     900

          name blue
              925     881    1795     881     896     883
              896    1763    1796    1763     899     917
              899     879     903     881     900     880
             1797     878     900

          name 1
              926     881     900     882    1797     877
              900    1764    1791    1764    1831     879
              895     882     896     880     899     880
              897    1765     897

          name 2
              926     878    1800     879     897     877
              899    1764    1797    1761    1833     877
              900     878     899     880     894    1765
             1795

          name 3
              928     880     897     883    1800     877
              900    1763    1795    1760    1829     886
              890     881     898     881     896    1764
              896     886     899

          name 4
              930     882    1796     880     896     885
              894    1762    1797    1762    1830     877
              902     877     898    1760    1798     879
              900

          name 5
              928     881     898     883    1797     876
              900    1768    1791    1762    1832     877
              899     879     897    1763    1795    1763
              901

          name 6
              926     883    1796     879     899     878
              897    1768    1792    1762    1832     849
              928     877     899    1762     899     881
             1797

          name 7
              926     881     902     881    1794     881
              897    1763    1797    1761    1833     876
              901     877     897    1761     904     880
              900     881     901

          name 8
              928     880    1796     878     898     883
              895    1762    1796    1764    1832     879
              895    1765    1793     880     898     883
              896

          name 9
              928     882     900     881    1797     879
              900    1760    1795    1762    1852     860
              898    1761    1797     878     899    1763
              895

          name 0
              927     879    1799     882     891     880
              901    1762    1794    1762    1834     879
              895     881     897     879     897     881
              900     877     900

          name menu
              925     881     902     880    1799     876
              899    1763    1794    1763     900     916
              900     881    1795    1763    1798    1762
              899

          name back
              926     882    1796     878     898     879
              899    1765    1795    1760     901     913
              901     884    1794    1760     903     880
             1796

          name up
              925     881     902     881    1796     881
              900    1761    1794    1765     899     917
             1798     877     898     878     899     879
              897     877     901

          name down
              927     883    1795     877     901     878
              895    1768    1790    1765     902     915
             1795     879     897     854     950     856
              898    1770     892

          name left
              926     883     900     880    1820     856
              922    1742    1791    1765    1829    1765
             1794     881     896     880     896    1764
              897

          name right
              930     881    1797     877     901     879
              895    1765    1798    1758    1832    1759
             1797     881     899     879     899     878
              899

          name ok
              924     884     899     880    1800     878
              896    1763    1795    1763    1831     882
              895    1765     898     879     903     879
              902     879     902

          name volume-
              925     879    1801     877     899     880
              897    1762    1796    1763     897     917
              901     881    1792     880     901     880
              897     879     898

          name volume+
              930     875     902     883    1796     878
              898    1763    1797    1763     898     918
             1796    1763     898     881    1796    1763
              898

          name mute
              927     881    1794     882     896     880
              923     854     898     878     900     878
              895     909     897     852     927    1762
              899     882    1795    1762     899

          name 11
              895     885     898     883    1796     875
              898    1763    1794    1763    1834     880
              896    1763    1796    1764    1794

          name 12
              927     881    1796     882     894     883
              894    1770    1789    1762     903     911
             1799     879     899     885     890    1764
              899     884     895

      end raw_codes

end remote
#
# this config file was automatically generated
# using lirc-0.6.6(any) on Thu Apr  1 19:01:21 2004
#
# contributed by
#
# brand:                       Skymaster
# model no. of remote control: 2416 (Code 128)
# devices being controlled by this remote: VDR
#

begin remote

  name  Skymaster_2416
  bits           11
  flags SPACE_ENC
  eps            30
  aeps          100

  header       2513   536
  one          1313   529
  zero          689   529
  ptrail        690
  gap          25199
  toggle_bit      0


      begin codes
          1                        0x0000000000000008
          2                        0x0000000000000408
          3                        0x0000000000000208
          4                        0x0000000000000608
          5                        0x0000000000000108
          6                        0x0000000000000508
          7                        0x0000000000000308
          8                        0x0000000000000708
          9                        0x0000000000000088
          0                        0x0000000000000488
          Power                    0x0000000000000548
          Back                     0x000000000000029C

          Volume-                  0x0000000000000648
          Volume+                  0x0000000000000248

          Volume-                  0x00000000000007E8
          Volume+                  0x00000000000006A8

          Up                       0x0000000000000048
          Down                     0x0000000000000448
          Left                     0x0000000000000648
          Right                    0x0000000000000248
          Ok                       0x00000000000001F8

          Red                      0x000000000000019C
          Green                    0x000000000000059C
          Yellow                   0x000000000000039C
          Blue                     0x000000000000079C

          Red                      0x00000000000000A8
          Green                    0x00000000000004A8
          Yellow                   0x0000000000000748
          Blue                     0x000000000000069C

          Menu                     0x000000000000049C
          Mute                     0x0000000000000148
      end codes

end remote
