#
# this config file was automatically generated
# using WinLIRC 0.6.4 (LIRC 0.6.1pre3) on Wed Jul 09 01:23:36 2003
#
# contributed by Skrymir (jonilap@keso.fi)
#
# brand:             Skymaster
# model:             XL 10
# supported devices: Skymaster XL10 satellite receiver
#

begin remote

  name   Skymaster_XL10
  flags RAW_CODES
  eps            25
  aeps          100

  ptrail          0
  repeat     0     0
  gap    29412


      begin raw_codes

          name 1
             8422    4195     520     508     522    1558
              521    1563     521     508     522     508
              521     510     521     519     522     513
              517    4199     521    1561     522     500
              521     508     519     515     519     512
              520     518     522     515     521     513
              520

          name 2
             8442    4185     522     508     523    1559
              521    1558     522     512     521     501
              521     504     522     501     522     503
              521    4183     522     505     521    1554
              522     505     523     501     522     502
              522     501     522     504     521     501
              522

          name 3
             8445    4181     521     500     520    1562
              519    1553     521     504     522     507
              520     502     520     509     522     502
              522    4186     521    1552     522    1559
              522     507     522     509     523     501
              522     509     522     508     521     499
              522

          name 4
             8425    4180     522     506     522    1555
              521    1557     522     499     522     502
              521     499     522     502     521     502
              522    4182     523     501     521     500
              521    1556     522     507     521     504
              522     505     522     502     521     505
              523

          name 5
             8444    4174     524     503     524    1551
              523    1558     522     506     523     501
              523     502     520     503     523     504
              521    4182     522    1556     523     503
              523    1550     522     500     522     505
              524     501     522     509     522     502
              521

          name 6
             8446    4180     521     506     521    1554
              522    1552     523     510     520     501
              522     504     519     509     522     508
              521    4185     524     502     522    1554
              523    1559     520     499     522     500
              523     507     521     502     524     500
              522

          name 7
             8445    4174     521     509     523    1554
              522    1556     523     509     524     502
              523     498     523     500     522     504
              522    4187     523    1559     522    1561
              522    1558     523     505     522     499
              522     505     521     507     521     503
              522

          name 8
             8446    4174     522     503     523    1556
              522    1557     522     509     523     502
              522     505     522     506     523     502
              522    4187     521     503     522     504
              522     500     522    1552     522     499
              524     500     521     507     521     506
              522

          name 9
             8446    4177     522     504     523    1550
              524    1555     523     505     522     500
              522     508     521     505     520     502
              522    4182     524    1556     522     500
              522     506     523    1551     522     504
              522     507     523     505     522     507
              521

          name 0
             8445    4180     523     510     522    1552
              522    1557     522     503     523     504
              522     501     522     502     522     505
              521    4183     523     502     521     506
              524     507     522     508     522     509
              523     501     522     507     522     502
              521

          name ext
             8445    4181     522     503     522    1554
              523    1552     521     504     522     504
              522     500     522     502     522     504
              522    4183     523     503     522    1559
              522     512     523    1554     523    1549
              523     502     521     505     521     504
              523

          name sys
             8445    4171     522     506     522    1556
              522    1552     522     503     522     500
              522     504     521     504     521     503
              522    4183     523     502     522    1557
              520    1561     522    1556     522    1550
              523     500     522     504     522     500
              521

          name video
             8446    4173     521     502     523    1552
              522    1559     521     504     522     500
              522     507     524     500     522     503
              521    4185     523     513     523     499
              522    1558     523     504     521    1552
              522     504     522     505     521     502
              522

          name audio
             8443    4182     521     501     522    1556
              522    1554     523     504     523     506
              522     501     522     508     522     502
              522    4183     523    1557     522     504
              522    1557     522     505     522    1549
              524     508     521     505     522     506
              523

          name fav_main
             8445    4178     521     508     524    1555
              522    1558     522     505     521     502
              522     504     522     502     522     505
              522    4181     522     504     521    1561
              523    1557     522     502     523    1560
              521     504     522     503     522     503
              521

          name channel_up
             8446    4174     522     501     523    1555
              523    1552     523     500     520     506
              522     502     522     501     523     499
              522    4181     522     514     523     508
              522     501     521     506     523    1556
              523     502     522     508     523     502
              522

          name channel_down
             8444    4174     522     508     522    1554
              523    1555     523     504     522     508
              524     500     522     505     522     504
              524    4182     524    1552     522     509
              522     501     522     500     522    1557
              523     506     522     499     521     505
              520

          name vol_down
             8445    4172     522     508     521    1553
              522    1558     521     508     522     506
              523     501     522     503     522     512
              523    4192     521     508     522    1554
              523     502     523     504     522    1558
              520     501     522     503     522     501
              522

          name vol_up
             8445    4175     522     503     523    1553
              522    1553     522     500     522     509
              523     500     523     500     522     500
              522    4181     522    1553     522    1558
              522     504     522     501     522    1552
              523     505     522     501     524     501
              524

          name channel_prev
             8446    4180     521     501     523    1560
              521    1558     523     506     522     502
              523     504     523     500     522     501
              521    4184     522    1559     524     502
              523     503     523     501     522    1557
              522     512     523     508     521     507
              522

          name channel_next
             8445    4176     524     506     523    1548
              523    1552     523     509     522     504
              523     502     522     506     522     510
              522    4188     522     505     523     498
              522     504     521     506     524    1552
              522     501     522     508     522     503
              524

          name store
             8444    4179     522     505     522    1563
              520    1556     522     507     522     505
              522     507     523     506     522     499
              522    4183     522    1560     523     499
              523     508     524    1551     523    1555
              521     507     522     500     522     504
              522

          name sleep
             8446    4173     523     498     521    1555
              522    1558     523     504     522     507
              523     504     523     504     523     508
              523    4178     524    1555     523    1555
              524     506     522    1559     521     504
              521     505     522     503     521     500
              523

          name mute
             8443    4179     520     505     521    1561
              523    1553     522     503     523     506
              521     500     522     511     522     503
              522    4182     524    1553     522    1559
              524    1553     522     507     522    1561
              522     505     521     502     522     501
              523

          name power
             8446    4176     522     502     522    1555
              523    1554     522     501     522     508
              522     503     522     504     520     505
              522    4181     523     502     521     509
              521     502     522    1553     522    1554
              522     502     521     506     522     500
              521

      end raw_codes

end remote
