#
# this config file was automatically generated
# using lirc-0.6.0 on Fri Jun 16 00:17:48 2000
#
# contributed by 
#
# brand:             Fuba
# model:             ST-007
# supported devices: Fuba Sat receiver
#

begin remote

  name   FubaST007
  flags CONST_LENGTH|RAW_CODES
  eps            30
  aeps          100

  ptrail          0
  repeat     0     0
  gap    50529

      begin raw_codes

          name ChannelUp
              326     752     299    1807     300     754
              298     754     299     753     299    1805
              301     753     300    1804     300    1807
              299     754     299   10201     325     753
              299    1806     301     753     299     752
              300     753     300    1807     299     753
              299    1806     299    1808     299     754
              297

          name ChannelDown
              326     753     300    1804     300     753
              300     753     300     754     299     753
              299    1806     300     754     299    1805
              300     753     300   11252     328     753
              299    1804     300     754     300     753
              300     753     299     753     299    1807
              300     753     299    1805     300     753
              301

          name FreqLevelInvert
              324     754     298    1806     301     753
              301    1804     300     753     299    1807
              300     753     299     753     299    1806
              301     753     299   10202     324     753
              300    1806     301     753     300    1803
              300     754     299    1807     299     753
              300     753     300    1806     300     752
              300

          name Mode
              325     755     298    1805     301     754
              299     753     300    1805     299     754
              299    1806     299     754     299    1807
              299     754     299   10200     325     754
              300    1805     300     754     299     752
              300    1806     300     753     300    1805
              299     754     299    1807     299     752
              300

          name DisplayUp
              323     753     300    1807     300     753
              298    1806     300     753     300     754
              300     752     299    1805     309    1797
              300     752     299   10203     324     753
              301    1807     297     753     300    1807
              306     747     300     753     298     753
              300    1806     300    1805     299     753
              300

          name DisplayDown
              325     754     300    1806     299     752
              300     753     299     751     300    1807
              299    1805     300    1807     299    1805
              300     753     301    9147     327     752
              301    1804     300     753     300     753
              300     753     300    1805     299    1807
              300    1806     298    1806     301     752
              301

          name W/N
              325     754     299    1807     299     752
              300    1806     299    1806     300     754
              299     753     300    1807     299    1805
              299     754     301    9146     326     753
              300    1805     300     753     300    1806
              300    1805     299     753     300     754
              299    1807     298    1806     301     752
              301

          name J17/50microseconds
              325     753     299    1808     299     753
              299    1805     300     753     301     753
              301    1803     300    1806     300    1806
              299     753     300    9151     323     753
              300    1806     299     754     299    1805
              301     752     301     753     300    1804
              300    1807     300    1804     300     753
              300

          name Autotune
              323     754     299    1804     300     752
              300     753     299    1807     300     753
              299     754     298    1806     300    1807
              300     752     299   10201     326     753
              300    1807     298     753     300     753
              299    1808     298     754     299     753
              299    1806     301    1804     300     753
              300

          name V/H
              326     754     298    1805     300     753
              299     754     300     752     300     753
              300    1806     300    1806     298    1806
              301     753     300   10201     325     753
              299    1806     300     754     301     753
              298     753     299     754     299    1806
              300    1805     300    1806     301     753
              300

          name Power
              324     754     300    1807     300     751
              300     753     299     754     299    1807
              298    1806     300     755     300    1804
              300     753     299   10202     326     752
              301    1804     300     753     299     754
              299     755     300    1804     299    1807
              300     754     298    1805     300     753
              301

          name Mute
              349     729     325    1780     324     731
              321    1761     346    1782     322     729
              324    1781     324    1783     322    1782
              325     728     325    8073     349     728
              324    1783     321     730     323    1782
              323    1783     323     730     323    1783
              322    1784     323    1781     325     728
              323

      end raw_codes

end remote
