#
# this config file was automatically generated
# using lirc-0.8.4a(default) on Sat Dec  6 17:01:43 2008
#
# contributed by 
#
# brand:                       Scientific Altana
# model no. of remote control: 
# devices being controlled by this remote: Explorer 8300 HD
#

begin remote

  name   Scientific_Altana_Explorer_8300_HD
  flags RAW_CODES
  eps            30
  aeps          256

  ptrail          0
  repeat     0     0
  gap          8064

      begin raw_codes

          name 0
             3456    3200     896    2688     896    2688
              896     896     896    2432     896    2432
              896    2688     896     896     896     896
              896    2688     896    2432     896     896
              896     896     896     896     896    2688
              896     896     896     896     896     896
              896    2432     896    2688     896     896
              896     896     896    2688     896

          name 1
             3456    3456     896    2688     896    2432
              896     896     896    2688     896    2688
              896     896     896     896     896     896
              896     896     896    2432    1152     640
              896     896     896     896     896    2688
              896     896     896     896     896    2432
              896    2432     896    2432     896    2688
              896     896     896    2432     896

          name 2
             3456    3456     896    2688     896    2432
              896     896     896    2432     896    2688
              896    2688     896     896     896     896
              896     896     896    2688     896     896
              896     896     896     896     896    2432
             1152     640     896     896     896     896
              896    2688     896    2432    1152    2432
              896     896    1152    2432     896

          name 3
             3456    3456     896    2432     896    2432
              896     896     896    2688     896    2432
              896     896     896    2432     896     896
              896     896    1152    2432     896     896
              896     896     896     896     896    2432
              896     896     896     896     896    2688
              896     896     896    2432     896    2432
              896     896     896    2688     896

          name 4
             3456    3456     896    2688     896    2432
              896     896     896    2432    1152    2432
              896    2432     896    2432     896     896
              896     896     896    2688     896     896
              896     896     896     896     896    2432
              896     896     896     896     896     896
              896     896     896    2432     896    2432
              896     896     896    2688     896

          name 5
             3456    3456     896    2688     896    2432
              896     896     896    2688     896    2432
              896     896     896     896     896    2432
              896     896     896    2688     896     896
              896     896     896     896     896    2432
              896     896     896     896     896    2688
              896    2688     896     896     896    2432
              896     896     896    2688     896

          name 6
             3456    3456     896    2688     896    2688
              896     896     896    2688     896    2688
              896    2432     896     896     896    2688
              896     896     896    2432     896     896
              896     896     896     896     896    2432
              896     896     896     896     896     896
              896    2432     896     896     896    2432
              896     896     896    2688     896

          name 7
             3456    3456     896    2432     896    2688
              896     896     896    2432     896    2688
              896     896     896    2688     896    2432
              896     896     896    2432    1152     896
              896     896     896     896     896    2432
              896     896     896     896     896    2432
              896     896     896     896     896    2688
              896     896    1152    2432     896

          name 8
             3456    3456     896    2432     896    2432
              896     896     896    2432     896    2688
              896    2432     896    2432     896    2688
              896     896     896    2432     896     896
              896     896     896     896     896    2688
              896     896     896     896     896     896
              896     896     896     896     896    2432
              896     896     896    2688     896

          name 9
             3456    3456     896    2688     896    2688
              896     896     896    2432     896    2432
              896     896     896     896     896     896
              896    2688     896    2432     896     896
              896     896     896     896    1152    2432
              896     896     896     896    1152    2432
              896    2688     896    2688     896     896
              896     896     896    2432     896

          name POWER
             3968    3968     640    2176     640    1920
              640    2176     384    1152     640    1152
              640    1152     640    1920     640    1152
              640    1920     640    1152     640    1920
              640    1152     640    1152     384    1152
              640    1152     640    2176     384    2176
              640    1920     640    1152     640    2176
              384    1152     640    2176     384    1152
              640    2176     640

          name MUTE
             2432     640     640     640     640     640
             1408     640     640     640    1152     640
              640     640     640     640    1408     640
              640     640     640     640     640     640
              640

          name CH_UP
             3456    3456     896    2688     896    2688
              896     896     896    2432     896    2688
              896    2688     896     896     896    2432
              896    2688     896    2688     896     896
              896     896     896     896     896    2432
              896     896     896     896     896     896
              896    2688     896     896     896     896
              896     896     896    2432     896

          name VOL_UP
             2432     640     640     640    1152     640
              640     640     640     640    1408     640
              640     640     640     640    1408     640
              640     640     640     640     640     640
              640

          name CH_DOWN
             3456    3456     896    2432     896    2688
              896     896     896    2688     896    2432
              896     896     896    2688     896    2688
              896    2688     896    2432     896     896
              896     896     896     896     896    2432
              896     896     896     896     896    2688
              896     896     896     896     896     896
              896     896     896    2432     896

          name VOL_DOWN
             2432     640    1152     640    1152     640
              640     640     640     640    1408     640
              640     640     640     640    1408     640
              640     640     640     640     640     640
              640

	  name UP
             3968    4224     384    2176     640    2176
              384    2176     640    1152     384    1152
              640    2176     640     896     640    2176
              640    1920     640    1152     640    1152
              384    2176     640    1152     640     896
              640    1152     640    2176     384    2176
              640    1152     640    1920     640    1152
              640     896     640    2176     640    1920
              640    1152     640

          name LEFT
             3968    3968     640    1920     640    2176
              384    2176     640    1152     640    1152
              384    2176     640    1152     384    2176
              640    1152     384    2176     640    2176
              384    1152     640    1152     640    1152
              384    1152     640    2176     384    2176
              640    1152     640    1920     640    1152
              640    2176     384    1152     640    1152
              640    1920     640

          name OK
             3456    3456     896    2432     896    2688
              896     896     896    2432     896    2432
              896     896     896     896    1152    2432
              896    2432     896     896     896     896
              896     896     896     896     896    2688
              896     896     896     896     896    2688
              896    2432     896     896    1152     640
             1152    2432     896    2432     896

          name RIGHT
             3968    3968     640    2176     384    2176
              640    1920     640    1152     640    1152
              384    2176     640    1152     640    1920
              640    1152     640    1920     640    2176
              640    1920     640    1152     640    1152
              384    1152     640    2176     640    1920
              640    1152     640    2176     384    1152
              640    2176     384    1152     640    1152
              640    1152     640

          name DOWN
             3968    3968     640    1920     640    2176
              640    1920     640    1152     640    1152
              384    2176     640    1152     640    1920
              640    2176     384    1152     640    1152
              640    1152     384    1152     640    1152
              640    1152     384    2176     640    2176
              384    1152     640    2176     384    1152
              640    1152     640    1920     640    2176
              640    1920     640

          name MENU
             3968    3968     640    2176     640    1920
              640    2176     384    1152     640    1152
              640    1152     384    1152     640    1152
              640    1920     640    1152     640    1152
              640     896     640    1152     640    1152
              640     896     640    2176     640    1920
              640    2176     640    1920     640    2176
              384    1152     640    2176     640    1920
              640    2176     640

          name EXIT
             3968    3968     640    2176     384    2176
              640    2176     384    1152     640    1152
              384    1152     384    1152     640    1152
              640    1152     384    2176     640    2176
              384    1152     640    1152     384    1152
              384    1152     640    2176     384    2176
              384    2176     384    2176     640    2176
              384    2176     640    1152     384    1152
              640    2176     384

          name PLAY
             3968    3968     640    2176     640    1920
              640    2176     640     896     640    1152
              640    1152     640     896     640    2176
              640    1152     384    2176     640    1152
              384    2176     640    1152     640     896
              640    1152     640    2176     384    2176
              640    2176     384    2176     640    1152
              384    2176     640    1152     640    1920
              640    1152     640

          name PAUSE
             3968    3968     640    1920     640    2176
              640    1920     640    1152     640    1152
              640     896     640    1152     640    1920
              640    2176     640     896     640    1152
              640    2176     384    1152     640    1152
              640    1152     384    2176     640    1920
              640    2176     640    1920     640    1152
              640    1152     384    2176     640    1920
              640    1152     640

          name STOP
             3968    3968     640    1920     640    2176
              640    1920     640    1152     640    1152
              640     896     640    1152     640    2176
              640    1920     640    2176     640    1920
              640    2176     384    1152     640    1152
              640    1152     640    1920     640    2176
              640    2176     384    2176     640    1152
              640    1152     384    1152     640    1152
              640    1152     384

          name |<<
             3968    3968     640    2176     640    1920
              640    2176     640     896     640    1152
              640    1920     640    1152     640    2176
              384    1152     640    2176     384    2176
              640    1152     640     896     640    1152
              640    1152     640    1920     640    2176
              384    1152     640    2176     640     896
              640    2176     640     896     640    1152
              640    2176     640

          name >>|
             3968    3968     640    2176     384    2176
              640    1920     640    1152     640    1152
              640    1920     640    1152     640    1920
              640    1152     640    1920     640    2176
              640    1920     640    1152     640    1152
              640     896     640    2176     640    1920
              640    1152     640    1920     640    1152
              640    1920     640    1152     640    1152
              640     896     640

          name RECORD
             4224    3968     640    1920     640    2176
              384    2176     640    1152     640     896
              640    1152     640    1152     640    1920
              640    1152     640    1920     640    2176
              640    1920     640    1152     640    1152
              384    1152     640    2176     640    1920
              640    2176     384    2176     640    1152
              640    1920     640    1152     640    1152
              384    1152     640

          name <<
             3968    3968     640    2176     384    2176
              640    2176     640     896     640    1152
              640    1152     384    1152     640    2176
              640    1920     640    2176     384    1152
              640    2176     640     896     640    1152
              640    1152     640    1920     640    2176
              384    2176     640    2176     384    1152
              640    1152     640     896     640    2176
              640    1152     640

          name >>
             4224    3968     640    1920     640    2176
              384    2176     640    1152     640     896
              640    1152     640    1152     640    1920
              640    2176     384    2176     640    1152
              640     896     640    1152     640    1152
              640     896     640    2176     640    1920
              640    2176     640    1920     640    1152
              640    1152     384    1152     640    2176
              640    1920     640

      end raw_codes

end remote
