#
# this config file was automatically generated
# using lirc-0.6.4(serial) on Sat Feb  2 14:51:30 2002
#
# contributed by Anders Bjork (anbj@home.se)
#
# brand:                       finlux
# model no. of remote control: 3628
# supported devices:           TV
#

begin remote

  name   TV
  flags RAW_CODES
  eps            30
  aeps          100

  ptrail          0
  repeat     0     0
  gap    108846

      begin raw_codes

          name 1
              686    2406     636     886    1143     374
              593     403     616     384     614     386
              583     413     562     464     576     422
              562     436     543     457     531     467
              550     448     541     460     547     460
              531   14239     633    2416     644     366
              609     900     600     401     581     414
              595     406     564     460     533     467
              550     469    1055     974     534     464
              534     464     534     467     542     456
              533     465     533

          name 2
              662    2397     661     860    1126     391
              626     372     607     391     605     424
              564     434     559     439     531     438
              574     427     561     463     538     462
              536     462     540     458     529     481
              543   14224     584    2477     633     900
             1105     924     593     432     552     417
              578     448     538     434     576     474
             1048     979     529     469     538     460
              533     467     527     471     536     462
              531

          name 3
              657    2399     645     879    1171     344
              631     369     614     384     621     377
              605     419     560     443     586     412
              543     453     538     462     550     448
              536     462     543     455     550     460
              538   14232     649    2399     595     403
              590     448     572     907     574     427
              566     460     548     452     569     427
              548     476    1048     979     536     462
              533     465     531     467     533     465
              531     469     528

          name 4
              685    2371     661     861    1164     354
              605     392     586     417     571     424
              591     407     569     460     548     450
              531     467     531     467     533     465
              531     467     537     460     534     476
              533   14236     623    2436     617     893
              607     415    1097     932     571     455
              574     424     536     460     536     490
             1058     969     529     469     579     419
              531     467     531     467     531     469
              546

          name 5
              707    2349     671     853    1138     379
              662     336     610     388     560     467
              569     426     534     467     531     467
              566     431     536     465     531     467
              531     467     531     467     535     474
              536   14235     621    2427     621     391
              600     960    1050     977     531     438
              567     460     542     455     534     488
             1050     979     548     448     550     450
              536     462     533     465     533     465
              531

          name 6
              636    2424     652     868    1150     367
              600     398     597     429     548     450
              560     441     540     458     559     439
              533     464     534     464     541     459
              546     452     555     443     531     479
              529   14239     610    2451     632     920
             1105     391     581     957     562     436
              553     448     545     422     573     479
             1057     941     558     469     528     470
              533     467     531     467     526     472
              529

          name 7
              712    2346     617     908    1137     406
              573     396     612     417     588     381
              574     453     562     436     536     462
              552     448     541     457     552     446
              538     460     531     467     533     477
              533   14237     633    2415     612     389
              621     376     610     426     543     965
              562     410     566     460     534     467
              538     483    1046     981     531     467
              528     470     545     455     531     467
              529     469     529

          name 8
              660    2399     654     870    1129     415
              578     391     614     415     552     420
              609     412     555     448     538     458
              542     458     540     458     531     467
              543     457     522     474     531     478
              531   14240     652    2406     628     881
              631     367     579     474    1054     944
              574     424     597     429     562     460
             1050     979     531     467     536     462
              538     460     528     470     530     467
              527

          name 9
              660    2396     659     865    1162     355
              631     393     588     410     545     456
              595     376     567     460     543     455
              554     444     550     448     535     465
              529     467     535     465     529     478
              522   14249     647    2401     623     387
              637     870     602     425    1088     938
              600     424     543     458     550     469
             1052     977     557     441     529     469
              533     465     540     458     529     471
              531

          name 0
              682    2408     623     901    1102     413
              616     382     592     434     548     452
              595     403     534     464     538     460
              543     457     529     469     529     469
              541     457     534     467     545     462
              533   14235     673    2387     640     872
              576     420     604     422     579     396
              569     455     554     444     542     458
              531     491    1047     977     564     436
              536     462     531     467     533     467
              539     459     529

          name SAT
              659    2399     659     865    1159     358
              631     367     626     375     625     373
              597     427     569     431     581     418
              537     460     564     436     534     464
              536     462     538     460     536     474
              533   14237     602    2446     610     388
              612     386     583     444     564     434
              538     462     533     465     538     472
              535     972     548     464    1051     476
              536     974     536     462     531     467
              531     469     529

          name TV
              681    2378     680     842    1173     344
              628     370     626     374     612     386
              619     408     580     389     586     440
              576     422     567     434     547     448
              553     448     533     465     538     471
              531   14242     611    2435     619     407
              557     444     557     441     554     443
              558     440     539     459     543     467
              536     998    1048     979     531     467
              530     467     531     467     531     470
              528     470     528

          name 1
              717    2342     697     827    1171     344
              637     363     623     377     612     384
              607     419     576     422     555     445
              553     446     554     443     550     448
              543     458     545     453     533     476
              541   14256     581    2441     597     441
              562     946     564     434     564     436
              550     448     545     453     535     463
              533     491    1050     976     531     467
              531     467     531     467     531     467
              531     469     529

          name 2
              679    2379     688     837    1173     341
              631     367     624     376     619     379
              612     415     583     415     573     399
              597     429     552     446     550     448
              548     450     536     464     543     465
              542   14256     579    2481     584     950
             1067     960     550     448     543     455
              550     450     536     462     540     482
             1047     979     534     464     531     467
              531     470     528     470     528     469
              531

          name 3
              690    2369     677     846    1150     365
              641     359     619     379     617     381
              624     377     614     412     567     431
              562     436     562     436     557     443
              541     457     541     457     538     472
              533   14263     576    2446     610     417
              559     451     550     957     548     453
              545     453     545     452     541     460
              533     488    1048     979     531     467
              531     467     531     467     531     467
              531     469     529

          name 4
              685    2371     678     846    1173     342
              640     358     628     400     598     372
              616     384     598     429     561     437
              566     431     550     451     562     436
              540     458     538     460     535     474
              534   14263     571    2460     612     929
              560     460    1066     963     542     456
              547     451     542     455     536     488
             1051     976     531     467     531     467
              531     467     533     465     531     467
              531

          name 5
              710    2349     683     841    1152     363
              645     353     609     391     614     384
              610     393     614     408     571     427
              567     433     553     445     553     445
              545     456     540     457     536     472
              536   14263     578    2472     581     427
              552     981    1062     965     557     443
              546     452     538     460     536     486
             1050     977     533     465     531     469
              529     469     529     469     528     470
              531

          name 6
              707    2351     678     847    1161     353
              652     346     619     384     614     381
              603     398     602     424     571     427
              548     450     548     426     569     453
              548     452     538     460     534     474
              535   14240     602    2460     591     926
             1098     457     567     941     547     451
              536     464     531     467     543     479
             1050     976     531     467     531     470
              528     470     528     470     528     470
              528

          name 7
              690    2368     683     841    1155     360
              631     369     636     362     628     370
              617     410     569     429     580     420
              578     420     555     443     552     446
              557     443     533     465     533     475
              535   14242     585    2485     571     426
              558     443     550     460     542     968
              545     453     538     459     534     464
              538     486    1050     975     535     465
              531     467     531     467     531     467
              531     467     531

          name 8
              693    2366     671     853    1164     351
              654     346     621     377     626     401
              597     375     611     387     597     403
              585     439     552     446     559     439
              550     450     538     460     536     472
              538   14260     579    2455     595     941
              569     429     555     469    1067     960
              541     457     531     467     533     489
             1050     976     531     467     534     467
              528     470     528     470     530     467
              531

          name 9
              708    2349     656     868    1157     360
              628     370     633     365     621     377
              626     403     580     418     568     430
              561     436     543     456     548     452
              550     448     533     465     538     471
              536   14263     578    2470     576     432
              562     948     564     457    1062     968
              545     452     534     464     534     490
             1048     979     531     467     531     467
              531     467     531     467     531     467
              531

      end raw_codes

end remote

