#
# this config file was automatically generated
# using lirc-0.8.3(default) on Sat Dec 12 15:54:43 2009
#
# contributed by Peter Korsgaard <jacmet|sunsite.dk> 
#
# brand: Telenet
# model no. of remote control: Digibox DB-AD110
# devices being controlled by this remote: Telenet Digibox DB-AD110
#

begin remote

  name   Telenet_DB-AD110
  flags RAW_CODES|CONST_LENGTH
  eps            30
  aeps          100

  ptrail          0
  repeat     0     0
  gap          99732

      begin raw_codes

          name KEY_POWER
              450     150     500     500     400     200
              750     500     450     150     750     550
              700     550     400     200     400     250
              700     550     700     250     400     500
              400

          name KEY_CHANNELUP
              450     150     450     500     450     200
              700     550     400     200     750     550
              700     550     350     250     700     550
              700     550     700     550     400

          name KEY_CHANNELDOWN
              450     150     500     500     400     200
              750     500     450     200     700     550
              700     550     400     200     750     500
              750     200     400     550     700

          name KEY_VOLUMEUP
              450     150     500     450     450     200
              750     500     450     150     750     550
              700     550     400     200     700     550
              400     250     700     250     350     550
              400

          name KEY_VOLUMEDOWN
              450     150     450     500     450     200
              750     500     400     200     750     550
              700     550     400     200     700     550
              700     550     400     250     700

          name KEY_HOME
              450     150     500     450     450     200
              750     500     450     150     750     550
              700     550     400     200     700     550
              400     250     400     200     400     250
              700

          name KEY_MUTE
              450     150     450     500     450     150
              800     500     400     200     750     500
              750     500     450     200     700     550
              400     250     350     250     700     550
              400

          name KEY_HELP
              450     100     500     500     450     150
              750     500     450     200     750     500
              700     550     400     250     700     550
              400     200     700     550     700

          name KEY_OK
              450     150     500     500     400     200
              750     500     450     200     700     550
              700     550     400     200     750     200
              400     550     700     250     400     500
              400

          name KEY_LEFT
              450     100     500     500     450     150
              750     550     400     200     750     500
              750     500     400     250     700     200
              400     550     400     250     400     200
              700

          name KEY_RIGHT
              450     150     450     500     450     150
              800     500     400     200     750     500
              750     500     450     200     700     250
              400     550     350     250     700     550
              400

          name KEY_UP
              450     100     500     500     450     150
              750     500     450     200     750     500
              700     550     400     200     750     550
              700     200     400     250     400     550
              400

          name KEY_DOWN
              450     150     450     500     450     150
              800     500     400     200     750     500
              750     500     400     250     700     250
              400     500     750     500     750

          name KEY_DELETE
              450     150     450     500     450     150
              750     550     400     200     750     500
              750     500     400     250     700     250
              400     200     400     550     400     200
              750

          name KEY_EXIT
              450     150     450     500     450     150
              800     500     400     200     750     500
              750     500     450     200     700     250
              400     200     400     550     700     550
              400

          name KEY_ESC
              450     100     500     500     450     150
              750     500     450     200     750     500
              750     500     400     250     700     200
              400     250     400     200     400     550
              700

          name KEY_BACK
              450     150     450     500     450     200
              750     500     400     200     750     500
              750     550     400     200     700     250
              400     200     400     250     400     200
              400     550     400

          name KEY_FORWARD
              450     150     500     500     400     200
              750     500     450     200     700     550
              700     550     700     550     400     200
              400     250     400     200     400     250
              700

          name KEY_PAUSE
              500     100     450     550     450     150
              750     500     450     200     750     500
              700     550     750     500     400     200
              400     250     400     200     750     550
              350

          name KEY_PLAY
              450     150     450     500     450     150
              800     500     400     200     750     500
              750     500     750     500     400     250
              700     550     400     200     750

          name KEY_RECORD
              450     150     450     500     450     150
              800     500     400     200     750     500
              750     500     750     500     400     250
              400     250     700     550     700

          name KEY_STOP
              450     100     500     500     450     150
              750     500     450     200     750     500
              700     550     700     550     400     250
              400     200     700     250     400     550
              400

          name KEY_RED
              450     150     500     500     400     200
              750     500     450     200     700     550
              700     550     700     550     400     200
              750     200     400     550     700

          name KEY_GREEN
              450     150     450     500     450     150
              750     550     400     200     750     500
              750     500     750     500     400     250
              700     250     350     250     400     550
              400

          name KEY_BLUE
              450     100     500     500     400     200
              750     500     450     200     750     500
              700     550     700     550     700     550
              400     250     700     550     400

          name KEY_YELLOW
              450     150     450     500     450     200
              750     500     400     200     750     500
              750     500     750     550     700     550
              400     200     400     250     700

          name KEY_1
              400     250     400     500     450     200
              700     550     400     250     700     550
              700     550     400     200     400     250
              350     250     400     250     350     250
              700     550     400

          name KEY_2
              400     200     400     550     400     250
              700     550     400     200     700     550
              700     550     400     250     400     200
              400     250     400     200     700     550
              700

          name KEY_3
              450     200     450     500     400     200
              750     500     450     200     700     550
              700     550     400     200     400     250
              400     200     400     250     700     250
              400     550     400

          name KEY_4
              400     200     450     500     450     150
              750     550     400     200     700     550
              700     550     400     250     400     200
              400     250     700     550     400     250
              700

          name KEY_5
              450     200     400     500     400     200
              750     500     450     200     750     500
              700     550     400     200     450     200
              400     250     700     550     700     550
              350

          name KEY_6
              400     200     450     500     400     250
              700     550     400     200     700     550
              700     550     400     250     400     200
              400     250     700     250     350     550
              700

          name KEY_7
              450     150     450     500     450     150
              750     500     450     200     750     500
              700     550     400     250     400     200
              400     250     700     200     400     250
              400     550     400

          name KEY_8
              450     150     450     500     450     150
              750     550     400     200     750     500
              750     500     400     250     400     200
              700     550     400     250     400     200
              700

          name KEY_9
              450     150     500     500     400     200
              750     500     450     150     750     550
              700     550     400     200     400     250
              700     550     400     200     700     550
              400

          name KEY_0
              450     200     400     500     450     150
              750     500     450     200     750     500
              700     550     400     250     400     200
              700     550     700     550     700

          name KEY_TEXT
              450     100     500     500     400     200
              750     500     450     200     750     500
              700     550     700     550     700     550
              700     550     700

          name KEY_DIGITS
              450     150     450     500     450     150
              750     550     400     200     750     500
              750     500     750     500     750     500
              750     200     400     550     400

          name KEY_SCREEN
              450     150     450     500     450     150
              800     500     400     200     750     500
              750     500     750     500     400     250
              700     550     700     550     400

          name KEY_EPG
              450     150     450     500     450     150
              750     550     400     200     750     500
              750     500     400     250     400     200
              700     250     400     550     700     550
              400

          name KEY_ARCHIVE
              450     150     450     500     450     150
              800     500     400     200     750     500
              750     500     400     250     400     200
              750     200     400     550     400     250
              700

          name KEY_MAIL
              450     150     450     500     450     150
              800     500     400     200     750     500
              750     500     450     200     400     200
              750     200     400     250     400     550
              700

          name KEY_MENU
              450     150     450     500     450     150
              750     550     400     200     750     500
              750     500     400     250     400     200
              750     200     400     250     400     200
              400     550     400

      end raw_codes

end remote
