#
# this config file was automatically generated
# using lirc-0.8.2(default) on Sat Sep  1 17:03:24 2007
#
# contributed by Raphael J. Schmid <raphael.schmid|gmail.com>
#
# brand:                       Unknown
# model no. of remote control: Unknown
# devices being controlled by this remote: System76 Bonobo

begin remote

  name   System76_Bonobo
  flags RAW_CODES|CONST_LENGTH
  eps            30
  aeps          100

  ptrail          0
  repeat     0     0
  gap    174512

      begin raw_codes

          name power
              455     287     872     400     455     769
              955     743     958     395     378     472
              453     396     454     392     457     393
              457     419     456     764     872     456
              455

          name tv
              457     283     874     402     452     765
              867     832     953     398     452     398
              453     768     535     313     871     457
              454     396     455     793     869

          name music
              374     369     789     483     372     849
              871     828     536     337     786     516
              369     874     456     371     872     851
              872     828     786

          name dvdmenu
              454     288     872     402     453     769
              871     824     955     772     871     826
              538     283     873     854     871     824
              872

          name pictures
              538     201     958     319     538     682
              961     736     622     251     624     224
              958     718     622     224     956     401
              537     682     622     224     956

          name video
              453     288     785     488     374     847
              874     824     872     482     371     849
              540     308     455     369     874     852
              872     824     874

          name radio
              454     286     874     401     458     763
              957     740     622     254     623     225
              958     714     955     743     965     761
              538     310     955

          name setupmenu
              454     289     869     402     453     768
              870     828     956     770     538     309
              539     285     540     309     871     482
              454     766     538     311     873

          name up
              453     288     867     408     452     794
              958     713     622     256     538     310
              541     308     536     285     620     229
              953     774     621     227     540     283
              955

          name down
              458     285     871     403     455     790
              888     784     540     335     536     314
              870     431     368     480     453     792
              536     342     869     804     883

          name left
              462     278     874     401     454     793
              955     717     955     398     454     394
              454     397     454     395     453     766
              538     337     541     310     869     431
              452

          name right
              372     369     874     400     455     793
              874     797     960     763     872     455
              455     395     453     769     954     398
              455     763     872

          name back
              454     309     787     488     372     872
              872     800     870     485     369     849
              872     455     371     850     870     482
              368     852     786

          name ok
              370     374     869     403     369     878
              870     802     536     341     869     829
              791     508     371     878     537     337
              872     800     871

          name select
              453     285     871     405     455     790
              963     710     954     771     955     743
              960     739     622     253     958     714
              956

          name previous
              458     285     875     398     454     766
              958     741     955     768     620     232
              954     344     455     765     624     252
              957     741     958

          name playpause
              459     283     872     402     458     763
              961     735     541     335     873     825
              877     795     955     770     954     742
              873

          name next
              457     288     874     421     455     745
              955     762     540     337     538     290
              538     306     874     432     456     764
              956     767     538     311     874

          name rewind
              373     367     789     485     455     766
              872     826     952     399     452     398
              452     770     871     825     872     456
              453     794     873

          name stop
              455     285     874     401     457     763
              960     736     619     259     538     310
              538     287     956     739     958     395
              455     767     537     312     955

          name forward
              457     281     871     405     455     765
              956     740     620     259     957     342
              454     793     955     717     626     249
              953     746     955

          name volumeup
              456     285     791     481     369     880
              871     799     538     338     538     312
              540     308     453     371     874     452
              371     504     379     843     535     313
              870

          name volumedown
              455     289     538     258     876     821
              873     825     540     335     537     285
              867     457     453     768     866     490
              455     766     539     309     877

          name home
              456     286     890     382     455     793
              958     715     620     254     955     743
              538     310     539     285     954     398
              452     768     620     230     955

          name channelup
              455     288     955     343     453     768
              956     743     621     254     538     285
              541     307     956     344     457     393
              455     819     956     741     953

          name channeldown
	      455     290     459     362     872     827
	      873     798     540     335     537     312
	      877     820     867     435     451     425
	      374     873     539     282     872

          name mute
              457     285     875     400     454     794
              957     712     964     761     960     366
              455     766     955     398     455     394
              454     766     957

          name record
              456     285     875     400     453     796
              954     714     955     772     956     369
              461     387     455     396     456     790
              620     229     955     345     454

          name fullscreen
              454     285     872     404     452     793
              953     718     620     257     955     371
              455     394     454     396     454     395
              454     793     538     310     955     346
              455

          name 1
              453     290     870     405     454     792
              958     714     958     407     453     755
              619     231     953     743     629     246
              953     721     953

          name 2
              455     286     872     403     454     766
              955     743     619     256     958     741
              537     283     953     747     958     765
              622     229     955

          name 3
              453     288     870     405     450     769
              955     743     958     769     537     310
              536     288     955     743     958     766
              538     310     955

          name 4
              456     286     872     400     452     769
              957     741     622     253     541     310
              545     276     621     230     957     739
              622     253     538     286     542     308
              955

          name 5
              455     289     869     402     453     766
              948     752     955     398     455     393
              464     387     454     767     537     311
              955     371     455     793     960

          name 6
              456     283     872     403     452     769
              954     741     624     252     957     344
              457     391     457     791     540     283
              622     253     960     737     955

          name 7
              454     286     957     317     456     765
              957     739     955     772     953     343
              536     712     536     287     619     254
              951     750     953

          name 8
              453     287     875     400     450     770
              954     743     619     256     617     233
              953     347     452     768     619     232
              953     770     617     234     954

          name 9
              455     288     874     398     455     766
              957     741     956     398     455     765
              958     742     535     284     617     258
              953     745     951

          name 0
              541     199     879     396     538     709
              956     716     624     251     956     743
              955     744     547     274     957     768
              538     310     958

          name jump
              458     285     872     400     455     793
              957     714     955     772     620     227
              958     740     538     286     958     765
              621     226     953

          name space
              373     368     801     472     371     876
              870     802     537     340     536     312
              536     312     870     802     538     310
              538     340     540     308     538     283
              877

      end raw_codes

end remote
