#
# this config file was automatically generated
# using lirc-0.8.4a(default) on Sat Oct 10 20:56:34 2009
#
# contributed by
#
# brand:                       Comcast
# model no. of remote control: "Custom 3 Device"
# devices being controlled by this remote: Cisco RNG-100
# This device was notorious for codes that won't work.
# These are only the codes required for my channel
#  changing script, but all of them work.
#

begin remote

  name   Comcast_Custom-3-Device
  flags RAW_CODES
  eps            30
  aeps          100

  ptrail          0
  repeat     0     0
  gap          81366

      begin raw_codes

          name 1
              300     800     350    1550     350     600
              350    2700     300    1200     350    1200
              300    1050     300    2600     300   12800
              300     800     350    2550     300     650
              300     650     300     650     300     800
              350     650     250     700     300

          name 2
              350     750     300    1600     350     600
              350    2700     350    1150     350    1200
              300    1050     350    2550     300   12800
              300     800     300    2450     350     600
              350     650     300     650     300     950
              300     650     300     650     300

          name 3
              300     800     300    1600     350     600
              350    2700     300    1200     350    1200
              300    1050     300    2600     350   12750
              300     800     300    2300     300     700
              250     700     250     700     300    1050
              300     700     300     650     250

          name 4
              350     700     400    1550     350     600
              350    2700     300    1200     300    1200
              350    1050     300    2600     300   12800
              300     800     300    2150     350     650
              250     700     250     700     300    1200
              300     650     300     650     300

          name 5
              350     750     350    1550     350     650
              300    2700     350    1200     300    1200
              300    1050     300    2600     300   12800
              350     750     300    2050     300     650
              300     650     350     650     300    1350
              300     650     300     650     300

          name 6
              350     750     300    1600     350     600
              350    2700     350    1150     350    1200
              300    1050     350    2550     350   12750
              300     800     350    1850     350     600
              350     650     300     650     300    1450
              350     650     300     650     300

          name 7
              300     800     300    1600     300     650
              350    2700     300    1200     300    1200
              350    1050     300    2600     300   12800
              300     800     300    1750     300     650
              300     700     300     650     300    1600
              300     650     300     700     250

          name 8
              400     700     350    1600     300     650
              350    2700     350    1150     350    1150
              350    1050     300    2600     300   12800
              300     800     300    1600     350     600
              350     650     300     650     300    1750
              300     650     300     650     300

          name 9
              350     750     350    1600     300     650
              350    2700     350    1150     350    1150
              350    1050     300    2600     300   12800
              300     800     300    1450     350     650
              300     650     300     650     300    1900
              300     650     300     650     300

          name 0
              350     700     350    1600     350     600
              350    2700     300    1200     300    1200
              350    1050     300    2600     300   12800
              300     800     300    2750     300     650
              300     650     300     650     300     650
              300     650     300     650     350

          name OK
              250     850     200    1750     150     800
              250    2750     200    1350     250    1250
              250    1150     200    2700     150   12950
              200     850     300    1800     250     700
              200     750     200    1050     200    1450
              250     700     200     800     150

      end raw_codes

end remote
