#
# this config file was automatically generated
# using lirc-0.7.0(serial) on Wed Feb  9 19:13:10 2005
#
# contributed by Sebastian Krämer
#
# brand: Microsoft
# model no. of remote control: PG-8012
# devices being controlled by this remote: XBOX
#

begin remote

  name   xbox
  flags RAW_CODES
  eps            30
  aeps          100

  ptrail        557
  repeat     0     0
  gap    10976

      begin raw_codes

          name DISPLAY
              536     504    1479     497     563    1507
             1476     499     564    1503     567    1481
              557    1532     562    1506    1478     498
              564    1504     562    1505     537    1531
             1477     501    1451     522     538

          name REVERSE
              586     476    1502     476     536    1533
             1502     474     538    1530     536    1532
              561    1508    1474     500     538    1530
              538    1529     538    1529     564    1504
             1477     501    1478     494     539

          name PLAY
              589     475    1476     499     564    1507
             1476     498     564    1504     538    1530
              564    1506    1474     501     538    1530
              536    1532     536    1532    1475     502
              564    1504    1476     496     538

          name FORWARD
              590     450    1528     450     587    1507
             1501     450     563    1505     561    1505
              596    1473    1527     448     551    1518
              563    1504     589    1478    1530     451
             1498     476     589    1477     589

          name SKIP-
              589     476    1504     474     562    1481
             1527     474     564    1478     589    1479
              589    1479    1527     474     566    1478
              586    1481    1528     474     563    1478
              589    1482    1527     469     573

          name STOP
              536     503    1475     502     536    1534
             1475     501     535    1532     536    1534
              534    1533    1473     502     534    1534
              560    1509    1500     474     538    1533
             1474     504     559    1503     538

          name PAUSE
              587     452    1526     473     541    1529
             1451     503     560    1516     551    1530
              564    1482    1499     500     538    1508
              586    1483    1473     525    1503     454
              560    1509     584    1501     538

          name SKIP+
              589     455    1497     479     585    1483
             1498     476     587    1483     561    1506
              561    1508    1499     476     586    1483
              560    1508    1500     475    1528     454
             1498     501    1479     471     561

          name TITLE
              558     503    1449     527     564    1506
             1476     499     564    1505     537    1531
             1500     476     538    1529     562    1507
              536    1531     536    1529     537    1534
             1476     502    1475     495     538

          name INFO
              586     476    1477     499     561    1509
             1450     527     561    1505     538    1532
             1476     501     561    1506     537    1529
              536    1531     560    1508    1502     476
              536    1532    1476     496     537

          name MENU
              540     501    1485     494     537    1530
             1499     478     539    1529     561    1507
             1475     502     561    1507     536    1532
              561    1504     538    1529    1505     475
             1502     474     538    1527     538

          name BACK
              561     501    1476     502     538    1529
             1476     502     538    1507     561    1530
             1475     502     538    1528     513    1553
              539    1529    1480     500     562    1504
              563    1504    1500     473     590

          name SELECT_UP
              558     507    1498     476     562    1507
             1501     476     536    1533     534    1530
              538    1532     534    1534    1473     504
              561    1505     561    1509    1473     501
              536    1535    1449     524     536

          name SELECT_DOWN
              512     529    1499     478     536    1532
             1476     502     536    1531     536    1532
              562    1503     564    1506    1474     501
              538    1533    1497     480    1499     476
              538    1530     564    1502     536

          name SELECT_LEFT
              560     504    1474     503     536    1542
             1499     468     536    1530     564    1504
              536    1531     561    1507    1477     501
              559    1508     536    1532    1478     500
             1476     501     536    1529     562

          name SELECT_RIGHT
              540     502    1473     503     536    1532
             1500     479     534    1532     536    1532
              534    1532     511    1558    1472     504
              536    1534    1472     503     561    1509
             1474     502     510    1554     536

          name SELECT_MIDDLE
              585     478    1475     501     535    1534
             1472     504     538    1530     537    1529
              537    1529     562    1509    1473     501
              562    1508    1500     476     536    1531
              536    1534    1502     469     564

          name 1
              535     503    1476     501     511    1557
             1451     527     512    1557    1475     501
              564    1504     561    1506     561    1507
              561    1507     536    1529     561    1507
             1476     504    1449     522     535

          name 2
              561     503    1477     498     552    1516
             1485     493     564    1504    1475     502
              564    1504     538    1530     538    1506
              559    1509     584    1507    1476     498
              539    1532    1476     473     562

          name 3
              563     513    1492     453     585    1505
             1502     463     549    1530    1479     478
              534    1554     538    1509     557    1532
              562    1506     538    1529    1476     502
             1476     500     536    1528     564

          name 4
              535     505    1479     500     535    1533
             1498     478     536    1532    1476     502
              559    1508     536    1530     536    1532
              538    1539    1491     476     564    1505
              536    1531    1501     472     561

          name 5
              590     450    1531     447     589    1479
             1530     447     615    1452    1530     448
              589    1479     615    1451     590    1477
              591    1479    1527     449     591    1478
             1527     448     592    1474     590

          name 6
              591     455    1524     453     585    1479
             1529     451     587    1503    1504     451
              586    1479     589    1478     589    1479
              589    1479    1527     453    1527     471
              566    1479     589    1477     586

          name 7
              593     448    1530     448     617    1450
             1530     448     591    1477    1538     439
              591    1474     617    1451     592    1476
              616    1451    1532     446    1532     448
             1529     448    1530     444     589

          name 8
              560     481    1481     493     537    1535
             1475     499     564    1504    1476     501
              536    1532     536    1532     533    1534
             1502     476     511    1557     536    1528
              564    1507    1502     471     511

          name 9
              537     502    1501     475     537    1544
             1465     500     536    1533    1500     476
              536    1534     535    1531     561    1507
             1476     499     561    1507     538    1532
             1473     504     534    1529     562

          name 0
              591     453    1527     451     586    1478
             1530     448     590    1478    1530     447
              589    1479     589    1479     589    1476
             1529     451     587    1481    1527     451
              588    1477     589    1474     591

      end raw_codes

end remote
