#
# Einstellungen:
# lirc_serial type=0 io=0x2f8 irq=3 sense=1 softcarrier=1
# type=0: homebrew
# sense=1: active low
#
# this config file was automatically generated
# using lirc-0.6.6(irdeo) on Tue Jan 14 02:44:25 2003
#
# modified by Reiner Obergfell <jabiruhATgmxDOTde>
# on Mon April 11 2005
# for irrecord can not correctly recognise the three different
# kinds of keycodes used by itvcontrol
# (most keys - but not all - send the code twice with
# different spaces between them)
# Modifications: separated the file in three parts, each with an other gap
# Without these modifivations it's almost impossible to get single signals,
# especially with the keyboard.
#
# Additionally I generated some new codes for navigating
# (see /etc/Kbdlayout.txt)
#
# This file is the config file for the codes of itvcontrol
# It has to be copied to /etc/lircd.conf


#
# brand:                       ITVMEDIA
# model no. of remote control:
# devices being controlled by this remote:
#

begin remote
name   		itvcontrol-frontside-cursors
flags		RAW_CODES
eps		30
aeps		100
gap		2200

begin raw_codes
	name b_upleft
		1060	860	420	860	420	860
		420	540	420	220	420	1820
		420	860	420	860	730	860
		420	860	420	1180	420	540
		420	860	420	860	420	1180
		420	1180	420

	name b_upright
		1060	860	420	860	420	860
		420	540	420	220	420	860
		420	860	420	1180	420	540
		420	860	420	860	420	1180
		420	540	420	860	420	860
		420	1820	420	860	420

	name b_downleft
		1060	860	420	860	420	860
		420	540	420	220	420	1820
		420	860	420	860	730	1820
		420	860	420	860	730	860
		420	860	420	1820	420	220
		420

	name b_downright
		1060	860	420	860	420	860
		420	540	420	220	420	860
		420	860	420	1180	420	540
		420	1820	420	860	420	860
		730	860	420	860	420	1180
		420	1180	420

	name b_ok
		1060	860	420	860	420	860
		420	540	420	540	420	540
		420	860	420	860	420	860
		420	860	420	860	420	860
		420	860	420	860	420	860
		420	1500	420	220	420

	name b_hoch
		1060	860	420	860	420	860
		420	540	420	220	420	860
		420	860	420	860	420	860
		420	860	420	860	420	1180
		420	540	420	860	420	860
		420	1500	420	1180	420

	name b_links
		1060	860	420	860	420	860
		420	540	420	220	420	1820
		420	860	420	860	730	860
		420	860	420	860	420	860
		420	860	420	860	420	860
		420	1500	420

	name b_runter
		1060	860	420	860	420	860
		420	540	420	220	420	860
		420	860	420	860	420	860
		420	1820	420	860	420	860
		730	860	420	860	420	860
		420	1500	420

	name b_rechts
		1060	860	420	860	420	860
		420	540	420	220	420	860
		420	860	420	1180	420	540
		420	860	420	860	420	860
		420	860	420	860	420	860
		420	1500	420	1180	420
end raw_codes
end remote

begin remote
name   		itvcontrol-frontside-keys
flags		RAW_CODES
eps		30
aeps		100
gap		10535

begin raw_codes
	name b_menu
		1060	860	420	220	420	860
		420	1180	420	220	420	860
		420	860	420	860	420	860
		420	1180	420	1500	420	860
		420	540	420	220	420	860
		420	860	420	1500	420

	name b_exit
		1060	860	420	220	420	860
		420	1180	420	220	420	860
		420	860	420	860	420	860
		420	860	420	1820	420	860
		420	540	420	220	420	860
		420	1820	420	540	420

	name b_p+
		1060	860	420	220	420	860
		420	1180	420	220	420	860
		420	860	420	860	420	860
		420	860	420	1820	420	540
		420	220	420	860	420	860
		420	1500	420	220	420

	name b_p-
		1060	860	420	220	420	860
		420	1180	420	220	420	860
		420	860	420	860	420	860
		420	1180	420	540	420	1500
		420	220	420	860	420	860
		420	1500	420	540	420

	name b_vol+
		1060	860	420	220	420	860
		420	1180	420	220	420	860
		420	860	420	860	420	860
		420	1180	420	860	420	1180
		420	220	420	860	420	860
		420	1500	420	860	420

	name b_vol-
		1060	860	420	220	420	860
		420	1180	420	220	420	860
		420	860	420	860	420	860
		420	1180	420	1180	420	860
		420	220	420	860	420	860
		420	1500	420	1180	420

	name b_record
		1060	860	420	220	420	860
		420	1180	420	220	420	860
		420	860	420	860	420	860
		420	860	420	860	420	1820
		420	540	420	220	420	860
		420	1500	420	1180	420

	name b_power
		1060	860	420	220	420	860
		420	1180	420	220	420	860
		420	860	420	860	420	860
		420	860	420	860	420	860
		420	1180	420	540	420	860
		420	1820	420	540	420

	name b_pause
		1060	860	420	220	420	860
		420	1180	420	220	420	860
		420	860	420	860	420	860
		420	860	420	1820	420	540
		420	860	420	220	420	860
		420	1500	420	860	420

	name b_rew
		1060	860	420	220	420	860
		420	1180	420	220	420	860
		420	860	420	860	420	860
		420	860	420	1500	420	860
		420	220	420	860	420	860
		420	1180	420	1500	420

	name b_ff
		1060	860	420	220	420	860
		420	1180	420	220	420	860
		420	860	420	860	420	860
		420	860	420	860	420	1500
		420	540	420	540	420	860
		420	1180	420	1180	420

	name b_play
		1060	860	420	220	420	860
		420	1180	420	220	420	860
		420	860	420	860	420	860
		420	860	420	1820	420	540
		420	540	420	540	420	860
		420	1500	420	540	420

	name b_stop
		1060	860	420	220	420	860
		420	1180	420	220	420	860
		420	860	420	860	420	860
		420	1180	420	540	420	1500
		420	540	420	540	420	860
		420	1500	420	860	420

	name b_rot
		1060	860	420	220	420	860
		420	1180	420	220	420	860
		420	860	420	860	420	860
		420	860	420	1180	420	540
		420	860	420	860	420	860
		420	1820	420	540	420

	name b_gruen
		1060	860	420	220	420	860
		420	1180	420	220	420	860
		420	860	420	860	420	860
		420	860	420	1180	420	540
		420	1180	420	540	420	860
		420	1820	420	860	420

	name b_blau
		1060	860	420	220	420	860
		420	1180	420	220	420	860
		420	860	420	860	420	860
		420	860	420	1820	730	860
		420	860	420	860	420	860
		420	860	420

	name b_gelb
		1060	860	420	220	420	860
		420	1180	420	220	420	860
		420	860	420	860	420	860
		420	860	420	1500	420	1180
		420	860	730	860	420	1820
		420	540	420

	name b_vt
		1060	860	420	220	420	860
		420	1180	420	220	420	860
		420	860	420	860	420	860
		420	860	420	1500	420	1180
		420	540	420	220	420	860
		420	1820	420	220	420

	name b_0
		1060	860	420	220	420	860
		420	1180	420	220	420	860
		420	860	420	860	420	860
		420	860	420	1180	420	1500
		420	220	420	540	420	860
		420	1500	420	1180	420

	name b_1
		1060	860	420	220	420	860
		420	1180	420	220	420	860
		420	860	420	860	420	860
		420	1180	420	860	420	1180
		420	540	420	540	420	860
		420	1500	420	1180	420

	name b_2
		1060	860	420	220	420	860
		420	1180	420	220	420	860
		420	860	420	860	420	860
		420	1180	420	1180	420	860
		420	540	420	540	420	860
		420	1820	730

	name b_3
		1060	860	420	220	420	860
		420	1180	420	220	420	860
		420	860	420	860	420	860
		420	1180	420	1500	420	540
		420	540	420	540	420	860
		420	1820	420	220	420

	name b_4
		1060	860	420	220	420	860
		420	1180	420	220	420	860
		420	860	420	860	420	860
		420	860	420	1180	420	1500
		730	860	420	860	420	1500
		420	860	420

	name b_5
		1060	860	420	220	420	860
		420	1180	420	220	420	860
		420	860	420	860	420	860
		420	860	420	1500	420	1180
		730	860	420	860	420	1500
		420	1180	420

	name b_6
		1060	860	420	220	420	860
		420	1180	420	220	420	860
		420	860	420	860	420	860
		420	860	420	1820	420	860
		730	860	420	860	420	1820
		730

	name b_7
		1060	860	420	220	420	860
		420	1180	420	220	420	860
		420	860	420	860	420	860
		420	1180	420	540	420	1820
		730	860	420	860	420	1820
		420	220	420

	name b_8
		1060	860	420	220	420	860
		420	1180	420	220	420	860
		420	860	420	860	420	860
		420	1180	420	860	420	1500
		730	860	420	860	420	1820
		420	540	420

	name b_9
		1060	860	420	220	420	860
		420	1180	420	220	420	860
		420	860	420	860	420	860
		420	1180	420	1180	420	1180
		730	860	420	860	420	1820
		420	860	420

	name b_av
		1060	860	420	220	420	860
		420	1180	420	220	420	860
		420	860	420	860	420	860
		420	860	420	1180	420	860
		420	1500	730	860	420	1180
		420	860	420

	name b_---
		1060	860	420	220	420	860
		420	1180	420	220	420	860
		420	860	420	860	420	860
		420	860	420	860	420	860
		420	860	420	860	420	860
		420	1820	420	220	420

	name b_select
		1060	860	420	220	420	860
		420	1180	420	220	420	860
		420	1500	420	220	420	860
		420	860	420	860	420	1180
		420	1500	730	860	420	1180
		420	1180	420

	name b_mute
		1060	860	420	220	420	860
		420	1180	420	220	420	860
		420	860	420	860	420	860
		420	860	420	1180	420	1180
		420	1180	730	860	420	1500
		420	540	420
end raw_codes
end remote

begin remote
name   		itvcontrol-keyboard-keys
flags		RAW_CODES
eps		30
aeps		100
gap		77500

begin raw_codes
# Mode Key ALT
	name b_alt
		1060	860	420	220	420	540
		420	1500	420	220	420	860
		420	860	420	1500	420	220
		420	1180	420	1500	730	1180
		420	540	420	860	420	1820
		730

# Mode Key ALTGR
	name b_altgr
		1060	860	420	220	420	540
		420	1500	420	220	420	860
		420	860	420	1180	420	540
		420	860	420	1500	420	220
		420	1180	420	540	420	860
		420	860	420	1820	420

# Mode Key CTRL/Strg
	name b_strg
		1060	860	420	220	420	540
		420	1500	420	220	420	860
		420	860	420	860	420	1500
		420	540	420	860	420	1500
		420	860	730	860	420	860
		420	1500	420

# Mode Key Left-Shift
	name b_lshift
		1060	860	420	220	420	540
		420	1500	420	220	420	860
		420	1500	420	220	420	860
		420	860	420	860	420	1180
		420	1500	730	860	420	1180
		420	860	420

# Key Right-Shift
	name b_rshift
		1060	860	420	220	420	540
		420	1500	420	220	420	860
		420	1180	420	540	420	860
		420	860	420	1820	420	220
		420	1500	730	860	420	1180
		420	1500	420

# Caps Lock Key
	name b_caps
		1060	860	420	220	420	540
		420	1500	420	220	420	1180
		420	540	420	860	420	860
		420	1180	420	1500	730	1820
		730	860	420	1500	420	860
		420

# Key BackSpace
	name b_backspace
		1060	860	420	220	420	540
		420	1500	420	220	420	860
		420	860	420	860	420	860
		420	1180	420	540	420	1820
		730	860	420	860	420	1820
		730
	name b_ctrl_backspace
		1060	860	420	220	420	540
		420	1500	420	220	420	860
		420	860	420	860	420	1500
		420	540	420	540	420	1820
		730	860	420	860	420	1820
		420	540	420
	name b_altgr_backspace
		1060	860	420	220	420	540
		420	1600	420	220	420	860
		420	860	420	1180	420	540
		420	1180	420	540	420	1820
		730	860	420	860	420	860
		420	860	420
	name b_alt_backspace
		1060	860	420	220	420	540
		420	1600	420	420	420	860
		420	860	420	1600	420	220
		420	1180	420	540	420	1820
		730	860	420	860	420	1180
		420	540	420

# Tab Key
	name b_tab
		1060	860	420	220	420	540
		420	1500	420	220	420	860
		420	860	420	860	420	860
		420	860	420	860	420	860
		420	1820	730	860	420	1820
		420	860	420

# Return Key
	name b_enter
		1060	860	420	220	420	540
		420	1500	420	220	420	860
		420	860	420	860	420	860
		420	860	420	860	420	1500
		420	1180	730	860	420	1180
		420	1500	420

# Escape Key
	name b_esc
		1060	860	420	220	420	540
		420	1500	420	220	420	860
		420	860	420	860	420	860
		420	1180	420	540	420	860
		420	1820	730	860	420	860
		420	1820	420

# Key Keyboard-Down
	name b_kdown
		1060	860	420	220	420	540
		420	1500	420	220	420	860
		420	860	420	860	420	860
		420	860	420	860	420	1820
		420	220	420	540	420	860
		420	1500	420	540	420
	name b_ctrl_kdown
		1060	860	420	220	420	540
		420	1500	420	220	420	860
		420	860	420	860	420	1500
		420	220	420	860	420	1820
		420	420	420	540	420	860
		420	1500	420	1180	420

# Key Keyboard-Left
	name b_kleft
		1060	860	420	220	420	540
		420	1500	420	220	420	860
		420	860	420	860	420	860
		420	860	420	1820	420	860
		730	860	420	860	420	1500
		420	1180	420
	name b_ctrl_kleft
		1060	860	420	220	420	540
		420	1500	420	220	420	860
		420	860	420	860	420	1500
		420	220	420	1820	420	860
		730	860	420	860	420	1820
		420	220	420

# Key Keyboard-Right
	name b_kright
		1060	860	420	220	420	540
		420	1500	420	220	420	860
		420	860	420	860	420	860
		420	1180	420	540	420	1820
		420	540	420	220	420	860
		420	1820	420	540	420
	name b_ctrl_kright
		1060	860	420	220	420	540
		420	1500	420	220	420	860
		420	860	420	860	420	1500
		420	540	420	540	420	1820
		420	540	420	220	420	860
		420	860	420	860	420

#Key Keyboard-Up
	name b_kup
		1060	860	420	220	420	540
		420	1500	420	220	420	860
		420	860	420	860	420	860
		420	860	420	1820	420	540
		420	1180	730	860	420	1500
		420	860	420
	name b_ctrl_kup
		1060	860	420	220	420	540
		420	1500	420	220	420	860
		420	860	420	860	420	1500
		420	220	420	1820	420	540
		420	1180	730	860	420	1820
		730

# Key Space/Blank
	name b_space
		1060	860	420	220	420	540
		420	1500	420	220	420	860
		420	860	420	860	420	860
		420	860	420	860	420	1180
		420	860	420	540	420	860
		420	860	420	1180	420

# Keys < > #
	name b_<
		1060	860	420	220	420	540
		420	1500	420	220	420	860
		420	860	420	860	420	860
		420	1180	420	1500	730	1500
		420	220	420	860	420	1180
		420	860	420
	name b_shift_<
		1060	860	420	220	420	540
		420	1500	420	220	420	860
		420	1500	420	220	420	860
		420	1180	420	1500	730	1500
		420	220	420	860	420	1180
		420	1500	420
	name b_rshift_<
		1060	860	420	220	420	540
		420	1500	420	220	420	860
		420	1180	420	540	420	860
		420	1180	420	1500	730	1500
		420	220	420	860	420	1180
		420	1180	420
	name b_altgr_<
		1060	860	420	220	420	540
		420	1500	420	220	420	860
		420	860	420	1180	420	540
		420	1180	420	1500	730	1500
		420	220	420	860	420	1500
		420	540	420

# Keys , ; !
	name b_,
		1060	860	420	220	420	540
		420	1500	420	220	420	860
		420	860	420	860	420	860
		420	860	420	1820	420	540
		420	220	420	860	420	860
		420	1180	420	1500	420
	name b_shift_,
		1060	860	420	220	420	540
		420	1500	420	220	420	860
		420	1500	420	220	420	860
		420	860	420	1820	420	540
		420	220	420	860	420	860
		420	1500	420	540	420
	name b_rshift_,
		1060	860	420	220	420	540
		420	1500	420	220	420	860
		420	1180	420	540	420	860
		420	860	420	1820	420	540
		420	220	420	860	420	860
		420	1500	420	220	420
	name b_altgr_,
		1060	860	420	220	420	540
		420	1500	420	220	420	860
		420	860	420	1180	420	540
		420	860	420	1820	420	540
		420	220	420	860	420	860
		420	1500	420	1180	420

# Keys . : ?
	name b_.
		1060	860	420	220	420	540
		420	1500	420	220	420	860
		420	860	420	860	420	860
		420	860	420	1820	420	540
		420	540	420	540	420	860
		420	1500	420	220	420
	name b_shift_.
		1060	860	420	220	420	540
		420	1500	420	220	420	860
		420	1500	420	220	420	860
		420	860	420	1820	420	540
		420	540	420	540	420	860
		420	1500	420	860	420
	name b_rshift_.
		1060	860	420	220	420	540
		420	1500	420	220	420	860
		420	1180	420	540	420	860
		420	860	420	1820	420	540
		420	540	420	540	420	860
		420	1500	420	540	420
	name b_altgr_.
		1060	860	420	220	420	540
		420	1500	420	220	420	860
		420	860	420	1180	420	540
		420	860	420	1820	420	540
		420	540	420	540	420	860
		420	1820	730

# Keys (?) ^ &
	name b_f1
		1060	860	420	220	420	540
		420	1500	420	220	420	860
		420	860	420	860	420	860
		420	1180	420	860	420	540
		420	1820	730	860	420	1180
		420	540	420
	name b_shift_f1
		1060	860	420	220	420	540
		420	1500	420	220	420	860
		420	1500	420	220	420	860
		420	1180	420	860	420	540
		420	1820	730	860	420	1180
		420	1180	420
	name b_rshift_f1
		1060	860	420	220	420	540
		420	1500	420	220	420	860
		420	1180	420	540	420	860
		420	1180	420	860	420	540
		420	1820	730	860	420	1180
		420	860	420
	name b_altgr_f1
		1060	860	420	220	420	540
		420	1500	420	220	420	860
		420	860	420	1180	420	540
		420	1180	420	860	420	540
		420	1820	730	860	420	1500
		420	220	420

# Keys / ' \
	name b_f2
		1060	860	420	220	420	540
		420	1500	420	220	420	860
		420	860	420	860	420	860
		420	1180	420	860	420	540
		420	1500	420	220	420	860
		420	860	420	1820	420
	name b_shift_f2
		1060	860	420	220	420	540
		420	1500	420	220	420	860
		420	1500	420	220	420	860
		420	1180	420	860	420	540
		420	1500	420	220	420	860
		420	1180	420	860	420
	name b_rshift_f2
		1060	860	420	220	420	540
		420	1500	420	220	420	860
		420	1180	420	540	420	860
		420	1180	420	860	420	540
		420	1500	420	220	420	860
		420	1180	420	540	420
	name b_altgr_f2
		1060	860	420	220	420	540
		420	1500	420	220	420	860
		420	860	420	1180	420	540
		420	1180	420	860	420	540
		420	1500	420	220	420	860
		420	1180	420	1500	420

# Keys @ " $
	name b_f3
		1060	860	420	220	420	540
		420	1500	420	220	420	860
		420	860	420	860	420	860
		420	1180	420	540	420	860
		420	1500	420	220	420	860
		420	860	420	1500	420
	name b_shift_f3
		1060	860	420	220	420	540
		420	1500	420	220	420	860
		420	1500	420	220	420	860
		420	1180	420	540	420	860
		420	1500	420	220	420	860
		420	1180	420	540	420
	name b_rshift_f3
		1060	860	420	220	420	540
		420	1500	420	220	420	860
		420	1180	420	540	420	860
		420	1180	420	540	420	860
		420	1500	420	220	420	860
		420	860	420	1820	420
	name b_altgr_f3
		1060	860	420	220	420	540
		420	1500	420	220	420	860
		420	860	420	1180	420	540
		420	1180	420	540	420	860
		420	1500	420	220	420	860
		420	1180	420	1180	420

# Key Backward Find
	name b_f4
		1060	860	420	220	420	540
		420	1500	420	220	420	860
		420	860	420	860	420	860
		420	1180	420	860	420	860
		420	540	420	860	420	860
		420	1180	420	860	420
	name b_shift_f4
		1060	860	420	220	420	540
		420	1500	420	220	420	860
		420	1500	420	220	420	860
		420	1180	420	860	420	860
		420	540	420	860	420	860
		420	1180	420	1500	420
	name b_rshift_f4
		1060	860	420	220	420	540
		420	1500	420	220	420	860
		420	1180	420	540	420	860
		420	1180	420	860	420	860
		420	540	420	860	420	860
		420	1180	420	1180	420
	name b_altgr_f4
		1060	860	420	220	420	540
		420	1500	420	220	420	860
		420	860	420	1180	420	540
		420	1180	420	860	420	860
		420	540	420	860	420	860
		420	1500	420	540	420

# Keys Forward Bold
	name b_f5
		1060	860	420	220	420	540
		420	1500	420	220	420	860
		420	860	420	860	420	860
		420	1180	420	540	420	1180
		420	540	420	860	420	860
		420	1180	420	540	420
	name b_shift_f5
		1060	860	420	220	420	540
		420	1500	420	220	420	860
		420	1500	420	220	420	860
		420	1180	420	540	420	1180
		420	540	420	860	420	860
		420	1180	420	1180	420
	name b_rshift_f5
		1060	860	420	220	420	540
		420	1500	420	220	420	860
		420	1180	420	540	420	860
		420	1180	420	540	420	1180
		420	540	420	860	420	860
		420	1180	420	860	420
	name b_altgr_f5
		1060	860	420	220	420	540
		420	1500	420	220	420	860
		420	860	420	1180	420	540
		420	1180	420	540	420	1180
		420	540	420	860	420	860
		420	1500	420	220	420

# Keys Reload Zoom
	name b_f6
		1060	860	420	220	420	540
		420	1500	420	220	420	860
		420	860	420	860	420	860
		420	1180	420	540	420	1500
		420	220	420	860	420	860
		420	1500	420	220	420
	name b_shift_f6
		1060	860	420	220	420	540
		420	1500	420	220	420	860
		420	1500	420	220	420	860
		420	1180	420	540	420	1500
		420	220	420	860	420	860
		420	1500	420	860	420
	name b_rshift_f6
		1060	860	420	220	420	540
		420	1500	420	220	420	860
		420	1180	420	540	420	860
		420	1180	420	540	420	1500
		420	220	420	860	420	860
		420	1500	420	540	420
	name b_altgr_f6
		1060	860	420	220	420	540
		420	1500	420	220	420	860
		420	860	420	1180	420	540
		420	1180	420	540	420	1500
		420	220	420	860	420	860
		420	1820	730

# Keys Home (
	name b_f7
		1060	860	420	220	420	540
		420	1500	420	220	420	860
		420	860	420	860	420	860
		420	1180	420	860	420	1180
		420	220	420	860	420	860
		420	1500	420	540	420
	name b_shift_f7
		1060	860	420	220	420	540
		420	1500	420	220	420	860
		420	1500	420	220	420	860
		420	1180	420	860	420	1180
		420	220	420	860	420	860
		420	1500	420	1180	420
	name b_rshift_f7
		1060	860	420	220	420	540
		420	1500	420	220	420	860
		420	1180	420	540	420	860
		420	1180	420	860	420	1180
		420	220	420	860	420	860
		420	1500	420	860	420
	name b_altgr_f7
		1060	860	420	220	420	540
		420	1500	420	220	420	860
		420	860	420	1180	420	540
		420	1180	420	860	420	1180
		420	220	420	860	420	860
		420	1820	420	220	420

# Keys Mail )
	name b_f8
		1060	860	420	220	420	540
		420	1500	420	220	420	860
		420	860	420	860	420	860
		420	1180	420	540	420	1500
		420	540	420	540	420	860
		420	1500	420	540	420
	name b_shift_f8
		1060	860	420	220	420	540
		420	1500	420	220	420	860
		420	1500	420	220	420	860
		420	1180	420	540	420	1500
		420	540	420	540	420	860
		420	1500	420	1180	420
	name b_rshift_f8
		1060	860	420	220	420	540
		420	1500	420	220	420	860
		420	1180	420	540	420	860
		420	1180	420	540	420	1500
		420	540	420	540	420	860
		420	1500	420	860	420
	name b_altgr_f8
		1060	860	420	220	420	540
		420	1500	420	220	420	860
		420	860	420	1180	420	540
		420	1180	420	540	420	1500
		420	540	420	540	420	860
		420	1820	420	220	420

# Keys (/) ~
	name b_f9
		1060	860	420	220	420	540
		420	1500	420	220	420	860
		420	860	420	860	420	860
		420	1180	420	860	420	1180
		420	540	420	540	420	860
		420	1500	420	860	420
	name b_shift_f9
		1060	860	420	220	420	540
		420	1500	420	220	420	860
		420	1500	420	220	420	860
		420	1180	420	860	420	1180
		420	540	420	540	420	860
		420	1820	730
	name b_rshift_f9
		1060	860	420	220	420	540
		420	1500	420	220	420	860
		420	1180	420	540	420	860
		420	1180	420	860	420	1180
		420	540	420	540	420	860
		420	1500	420	1180	420
	name b_altgr_f9
		1060	860	420	220	420	540
		420	1500	420	220	420	860
		420	860	420	1180	420	540
		420	1180	420	860	420	1180
		420	540	420	540	420	860
		420	1820	420	540	420

# Keys Photo _
	name b_f10
		1060	860	420	220	420	540
		420	1500	420	220	420	860
		420	860	420	860	420	860
		420	1180	420	1500	420	540
		420	540	420	540	420	860
		420	1820	730
	name b_shift_f10
		1060	860	420	220	420	540
		420	1500	420	220	420	860
		420	1500	420	220	420	860
		420	1180	420	1500	420	540
		420	540	420	540	420	860
		420	1820	420	540	420
	name b_rshift_f10
		1060	860	420	220	420	540
		420	1500	420	220	420	860
		420	1180	420	540	420	860
		420	1180	420	1500	420	540
		420	540	420	540	420	860
		420	1820	420	220	420
	name b_altgr_f10
		1060	860	420	220	420	540
		420	1500	420	220	420	860
		420	860	420	1180	420	540
		420	1180	420	1500	420	540
		420	540	420	540	420	860
		420	860	420	860	420

# Keys Print %
	name b_f11
		1060	860	420	220	420	540
		420	1500	420	220	420	860
		420	860	420	860	420	860
		420	1180	420	1500	420	540
		420	220	420	860	420	860
		420	1500	420	1180	420
	name b_shift_f11
		1060	860	420	220	420	540
		420	1500	420	220	420	860
		420	1500	420	220	420	860
		420	1180	420	1500	420	540
		420	220	420	860	420	860
		420	1820	420	220	420
	name b_rshift_f11
		1060	860	420	220	420	540
		420	1500	420	220	420	860
		420	1180	420	540	420	860
		420	1180	420	1500	420	540
		420	220	420	860	420	860
		420	1820	730
	name b_altgr_f11
		1060	860	420	220	420	540
		420	1500	420	220	420	860
		420	860	420	1180	420	540
		420	1180	420	1500	420	540
		420	220	420	860	420	860
		420	1820	420	860	420

# A Key
	name b_a
		1060	860	420	220	420	540
		420	1500	420	220	420	860
		420	860	420	860	420	860
		420	860	420	1180	420	540
		420	1500	420	220	420	860
		420	1820	420	860	420
	name b_shift_a
		1060	860	420	220	420	540
		420	1500	420	220	420	860
		420	1500	420	220	420	860
		420	860	420	1180	420	540
		420	1500	420	220	420	860
		420	860	420	1180	420
	name b_rshift_a
		1060	860	420	220	420	540
		420	1500	420	220	420	860
		420	1180	420	540	420	860
		420	860	420	1180	420	540
		420	1500	420	220	420	860
		420	860	420	860	420
	name b_alt_a
		1060	860	420	220	420	540
		420	1500	420	220	420	860
		420	860	420	1500	420	220
		420	860	420	1180	420	540
		420	1500	420	220	420	860
		420	1180	420	1500	420
	name b_ctrl_a
		1060	860	420	220	420	540
		420	1500	420	220	420	860
		420	860	420	860	420	1500
		420	220	420	1180	420	540
		420	1500	420	220	420	860
		420	860	420	1180	420
	name b_altgr_a
		1060	860	420	220	420	540
		420	1500	420	220	420	860
		420	860	420	1180	420	540
		420	860	420	1180	420	540
		420	1500	420	220	420	860
		420	860	420	1820	420

# Keys aediaresis = ae - =
	name b_aa
		1060	860	420	220	420	540
		420	1500	420	220	420	860
		420	860	420	860	420	860
		420	860	420	860	420	1180
		420	1180	420	220	420	860
		420	860	420	1500	420
	name b_shift_aa
		1060	860	420	220	420	540
		420	1500	420	220	420	860
		420	1500	420	220	420	860
		420	860	420	860	420	1180
		420	1180	420	220	420	860
		420	1180	420	540	420
	name b_rshift_aa
		1060	860	420	220	420	540
		420	1500	420	220	420	860
		420	1180	420	540	420	860
		420	860	420	860	420	1180
		420	1180	420	220	420	860
		420	860	420	1820	420
	name b_altgr_aa
		1060	860	420	220	420	540
		420	1500	420	220	420	860
		420	860	420	1180	420	540
		420	860	420	860	420	1180
		420	1180	420	220	420	860
		420	1180	420	1180	420
	name b_shift_altgr_aa
		1060	860	420	220	420	540
		420	1500	420	220	420	860
		420	1500	420	540	420	540
		420	860	420	860	420	1180
		420	1180	420	220	420	860
		420	1500	420	220	420
	name b_rshift_altgr_aa
		1060	860	420	220	420	540
		420	1500	420	220	420	860
		420	1180	420	860	420	540
		420	860	420	860	420	1180
		420	1180	420	220	420	860
		420	1180	420	1500	420

# B Key
	name b_b
		1060	860	420	220	420	540
		420	1500	420	220	420	860
		420	860	420	860	420	860
		420	860	420	860	420	860
		420	1500	420	220	420	860
		420	1820	420	540	420
	name b_shift_b
		1060	860	420	220	420	540
		420	1500	420	220	420	860
		420	1500	420	220	420	860
		420	860	420	860	420	860
		420	1500	420	220	420	860
		420	860	420	860	420
	name b_rshift_b
		1060	860	420	220	420	540
		420	1500	420	220	420	860
		420	1180	420	540	420	860
		420	860	420	860	420	860
		420	1500	420	220	420	860
		420	1820	420	860	420
	name b_alt_b
		1060	860	420	220	420	540
		420	1500	420	220	420	860
		420	860	420	1500	420	220
		420	860	420	860	420	860
		420	1500	420	220	420	860
		420	1180	420	1180	420
	name b_ctrl_b
		1060	860	420	220	420	540
		420	1500	420	220	420	860
		420	860	420	860	420	1500
		420	220	420	860	420	860
		420	1500	420	220	420	860
		420	860	420	860	420
	name b_altgr_b
		1060	860	420	220	420	540
		420	1500	420	220	420	860
		420	860	420	1180	420	540
		420	860	420	860	420	860
		420	1500	420	220	420	860
		420	860	420	1500	420

# C Key
	name b_c
		1060	860	420	220	420	540
		420	1500	420	220	420	860
		420	860	420	860	420	860
		420	860	420	1820	420	220
		420	540	420	860	420	860
		420	860	420	1820	420
	name b_shift_c
		1060	860	420	220	420	540
		420	1500	420	220	420	860
		420	1500	420	220	420	860
		420	860	420	1820	420	220
		420	540	420	860	420	860
		420	1180	420	860	420
	name b_rshift_c
		1060	860	420	220	420	540
		420	1500	420	220	420	860
		420	1180	420	540	420	860
		420	860	420	1820	420	220
		420	540	420	860	420	860
		420	1180	420	540	420
	name b_alt_c
		1060	860	420	220	420	540
		420	1500	420	220	420	860
		420	860	420	1500	420	220
		420	860	420	1820	420	220
		420	540	420	860	420	860
		420	1500	420	1180	420
	name b_ctrl_c
		1060	860	420	220	420	540
		420	1500	420	220	420	860
		420	860	420	860	420	1500
		420	220	420	1820	420	220
		420	540	420	860	420	860
		420	1180	420	860	420
	name b_altgr_c
		1060	860	420	220	420	540
		420	1500	420	220	420	860
		420	860	420	1180	420	540
		420	860	420	1820	420	220
		420	540	420	860	420	860
		420	1180	420	1500	420

# D Key
	name b_d
		1060	860	420	220	420	540
		420	1500	420	220	420	860
		420	860	420	860	420	860
		420	860	420	1180	420	860
		420	540	420	860	420	860
		420	860	420	1180	420
	name b_shift_d
		1060	860	420	220	420	540
		420	1500	420	220	420	860
		420	1500	420	220	420	860
		420	860	420	1180	420	860
		420	540	420	860	420	860
		420	860	420	1820	420
	name b_rshift_d
		1060	860	420	220	420	540
		420	1500	420	220	420	860
		420	1180	420	540	420	860
		420	860	420	1180	420	860
		420	540	420	860	420	860
		420	860	420	1500	420
	name b_alt_d
		1060	860	420	220	420	540
		420	1500	420	220	420	860
		420	860	420	1500	420	220
		420	860	420	1180	420	860
		420	540	420	860	420	860
		420	1500	420	540	420
	name b_ctrl_d
		1060	860	420	220	420	540
		420	1500	420	220	420	860
		420	860	420	860	420	1500
		420	220	420	1180	420	860
		420	540	420	860	420	860
		420	860	420	1820	420
	name b_altgr_d
		1060	860	420	220	420	540
		420	1500	420	220	420	860
		420	860	420	1180	420	540
		420	860	420	1180	420	860
		420	540	420	860	420	860
		420	1180	420	860	420

# E Key
	name b_e
		1060	860	420	220	420	540
		420	1500	420	220	420	860
		420	860	420	860	420	860
		420	860	420	1500	420	540
		420	540	420	860	420	860
		420	860	420	1500	420
	name b_shift_e
		1060	860	420	220	420	540
		420	1500	420	220	420	860
		420	1500	420	220	420	860
		420	860	420	1500	420	540
		420	540	420	860	420	860
		420	1180	420	540	420
	name b_rshift_e
		1060	860	420	220	420	540
		420	1500	420	220	420	860
		420	1180	420	540	420	860
		420	860	420	1500	420	540
		420	540	420	860	420	860
		420	860	420	1820	420
	name b_alt_e
		1060	860	420	220	420	540
		420	1500	420	220	420	860
		420	860	420	1500	420	220
		420	860	420	1500	420	540
		420	540	420	860	420	860
		420	1500	420	860	420
	name b_ctrl_e
		1060	860	420	220	420	540
		420	1500	420	220	420	860
		420	860	420	860	420	1500
		420	220	420	1500	420	540
		420	540	420	860	420	860
		420	1180	420	540	420
	name b_altgr_e
		1060	860	420	220	420	540
		420	1500	420	220	420	860
		420	860	420	1180	420	540
		420	860	420	1500	420	540
		420	540	420	860	420	860
		420	1180	420	1180	420

# F Key
	name b_f
		1060	860	420	220	420	540
		420	1500	420	220	420	860
		420	860	420	860	420	860
		420	860	420	1180	420	860
		420	860	420	540	420	860
		420	860	420	1500	420
	name b_shift_f
		1060	860	420	220	420	540
		420	1500	420	220	420	860
		420	1500	420	220	420	860
		420	860	420	1180	420	860
		420	860	420	540	420	860
		420	1180	420	540	420
	name b_rshift_f
		1060	860	420	220	420	540
		420	1500	420	220	420	860
		420	1180	420	540	420	860
		420	860	420	1180	420	860
		420	860	420	540	420	860
		420	860	420	1820	420
	name b_alt_f
		1060	860	420	220	420	540
		420	1500	420	220	420	860
		420	860	420	1500	420	220
		420	860	420	1180	420	860
		420	860	420	540	420	860
		420	1500	420	860	420
	name b_ctrl_f
		1060	860	420	220	420	540
		420	1500	420	220	420	860
		420	860	420	860	420	1500
		420	220	420	1180	420	860
		420	860	420	540	420	860
		420	1180	420	540	420
	name b_altgr_f
		1060	860	420	220	420	540
		420	1500	420	220	420	860
		420	860	420	1180	420	540
		420	860	420	1180	420	860
		420	860	420	730	420	860
		420	1180	420	1180	420

# G Key
	name b_g
		1060	860	420	220	420	540
		420	1500	420	220	420	860
		420	860	420	860	420	860
		420	1180	420	860	420	860
		420	860	420	540	420	860
		420	1180	420	1180	420
	name b_shift_g
		1060	860	420	220	420	540
		420	1500	420	220	420	860
		420	1500	420	220	420	860
		420	1180	420	860	420	860
		420	860	420	540	420	860
		420	1500	420	220	420
	name b_rshift_g
		1060	860	420	220	420	540
		420	1500	420	220	420	860
		420	1180	420	540	420	860
		420	1180	420	860	420	860
		420	860	420	540	420	860
		420	1180	420	1500	420
	name b_alt_g
		1060	860	420	220	420	540
		420	1500	420	220	420	860
		420	860	420	1500	420	220
		420	1180	420	860	420	860
		420	860	420	540	420	860
		420	1820	420	540	420
	name b_ctrl_g
		1060	860	420	220	420	540
		420	1500	420	220	420	860
		420	860	420	860	420	1500
		420	540	420	860	420	860
		420	860	420	540	420	860
		420	1500	420	220	420
	name b_altgr_g
		1060	860	420	220	420	540
		420	1500	420	220	420	860
		420	860	420	1180	420	540
		420	1180	420	860	420	860
		420	860	420	540	420	860
		420	1500	420	860	420

# H Key
	name b_h
		1060	860	420	220	420	540
		420	1500	420	220	420	860
		420	860	420	860	420	860
		420	1180	420	860	420	860
		420	1180	420	220	420	860
		420	1180	420	1500	420
	name b_shift_h
		1060	860	420	220	420	540
		420	1500	420	220	420	860
		420	1500	420	220	420	860
		420	1180	420	860	420	860
		420	1180	420	220	420	860
		420	1500	420	540	420
	name b_rshift_h
		1060	860	420	220	420	540
		420	1500	420	220	420	860
		420	1180	420	540	420	860
		420	1180	420	860	420	860
		420	1180	420	220	420	860
		420	1500	420	220	420
	name b_alt_h
		1060	860	420	220	420	540
		420	1500	420	220	420	860
		420	860	420	1500	420	220
		420	1180	420	860	420	860
		420	1180	420	220	420	860
		420	1820	420	860	420
	name b_ctrl_h
		1060	860	420	220	420	540
		420	1500	420	220	420	860
		420	860	420	860	420	1500
		420	540	420	860	420	860
		420	1180	420	220	420	860
		420	1500	420	540	420
	name b_altgr_h
		1060	860	420	220	420	540
		420	1500	420	220	420	860
		420	860	420	1180	420	540
		420	1180	420	860	420	860
		420	1180	420	220	420	860
		420	1500	420	1180	420

# I Key
	name b_i
		1060	860	420	220	420	540
		420	1500	420	220	420	860
		420	860	420	860	420	860
		420	860	420	1500	420	860
		420	220	420	860	420	860
		420	1180	420	1180	420
	name b_shift_i
		1060	860	420	220	420	540
		420	1500	420	220	420	860
		420	1500	420	220	420	860
		420	860	420	1500	420	860
		420	220	420	860	420	860
		420	1500	420	220	420
	name b_rshift_i
		1060	860	420	220	420	540
		420	1500	420	220	420	860
		420	1180	420	540	420	860
		420	860	420	1500	420	860
		420	220	420	860	420	860
		420	1180	420	1500	420
	name b_alt_i
		1060	860	420	220	420	540
		420	1500	420	220	420	860
		420	860	420	1500	420	220
		420	860	420	1500	420	860
		420	220	420	860	420	860
		420	1820	420	540	420
	name b_ctrl_i
		1060	860	420	220	420	540
		420	1500	420	220	420	860
		420	860	420	860	420	1500
		420	220	420	1500	420	860
		420	220	420	860	420	860
		420	1500	420	220	420
	name b_altgr_i
		1060	860	420	220	420	540
		420	1500	420	220	420	860
		420	860	420	1180	420	540
		420	860	420	1500	420	860
		420	220	420	860	420	860
		420	1500	420	860	420

# J Key
	name b_j
		1060	860	420	220	420	540
		420	1500	420	220	420	860
		420	860	420	860	420	860
		420	860	420	1180	420	860
		420	1180	420	220	420	860
		420	860	420	1820	420
	name b_shift_j
		1060	860	420	220	420	540
		420	1500	420	220	420	860
		420	1500	420	220	420	860
		420	860	420	1180	420	860
		420	1180	420	220	420	860
		420	1180	420	860	420
	name b_rshift_j
		1060	860	420	220	420	540
		420	1500	420	220	420	860
		420	1180	420	540	420	860
		420	860	420	1180	420	860
		420	1180	420	220	420	860
		420	1180	420	540	420
	name b_alt_j
		1060	860	420	220	420	540
		420	1500	420	220	420	860
		420	860	420	1500	420	220
		420	860	420	1180	420	860
		420	1180	420	220	420	860
		420	1500	420	1180	420
	name b_ctrl_j
		1060	860	420	220	420	540
		420	1500	420	220	420	860
		420	860	420	860	420	1500
		420	220	420	1180	420	860
		420	1180	420	220	420	860
		420	1180	420	860	420
	name b_altgr_j
		1060	860	420	220	420	540
		420	1500	420	220	420	860
		420	860	420	1180	420	540
		420	860	420	1180	420	860
		420	1180	420	220	420	860
		420	1180	420	1500	420

# K Key
	name b_k
		1060	860	420	220	420	540
		420	1500	420	220	420	860
		420	860	420	860	420	860
		420	860	420	1180	420	1180
		420	220	420	860	420	860
		420	1180	420	860	420
	name b_shift_k
		1060	860	420	220	420	540
		420	1500	420	220	420	860
		420	1500	420	220	420	860
		420	860	420	1180	420	1180
		420	220	420	860	420	860
		420	1180	420	1500	420
	name b_rshift_k
		1060	860	420	220	420	540
		420	1500	420	220	420	860
		420	1180	420	540	420	860
		420	860	420	1180	420	1180
		420	220	420	860	420	860
		420	1180	420	1180	420
	name b_alt_k
		1060	860	420	220	420	540
		420	1500	420	220	420	860
		420	860	420	1500	420	220
		420	860	420	1180	420	1180
		420	220	420	860	420	860
		420	1820	420	220	420
	name b_ctrl_k
		1060	860	420	220	420	540
		420	1500	420	220	420	860
		420	860	420	860	420	1500
		420	220	420	1180	420	1180
		420	220	420	860	420	860
		420	1180	420	1500	420
	name b_altgr_k
		1060	860	420	220	420	540
		420	1500	420	220	420	860
		420	860	420	1180	420	540
		420	860	420	1180	420	1180
		420	220	420	860	420	860
		420	1500	420	540	420

# L Key
	name b_l
		1060	860	420	220	420	540
		420	1500	420	220	420	860
		420	860	420	860	420	860
		420	860	420	1180	420	1180
		420	540	420	540	420	860
		420	1180	420	1180	420
	name b_shift_l
		1060	860	420	220	420	540
		420	1500	420	220	420	860
		420	1500	420	220	420	860
		420	860	420	1180	420	1180
		420	540	420	540	420	860
		420	1500	420	220	420
	name b_rshift_l
		1060	860	420	220	420	540
		420	1500	420	220	420	860
		420	1180	420	540	420	860
		420	860	420	1180	420	1180
		420	540	420	540	420	860
		420	1180	420	1500	420
	name b_alt_l
		1060	860	420	220	420	540
		420	1500	420	220	420	860
		420	860	420	1500	420	220
		420	860	420	1180	420	1180
		420	540	420	540	420	860
		420	1820	420	540	420
	name b_ctrl_l
		1060	860	420	220	420	540
		420	1500	420	220	420	860
		420	860	420	860	420	1500
		420	220	420	1180	420	1180
		420	540	420	540	420	860
		420	1500	420	220	420
	name b_altgr_l
		1060	860	420	220	420	540
		420	1500	420	220	420	860
		420	860	420	1180	420	540
		420	860	420	1180	420	1180
		420	540	420	540	420	860
		420	1500	420	860	420

# M Key
	name b_m
		1060	860	420	220	420	540
		420	1500	420	220	420	860
		420	860	420	860	420	860
		420	860	420	1820	420	220
		420	1180	420	220	420	860
		420	1180	420	860	420
	name b_shift_m
		1060	860	420	220	420	540
		420	1500	420	220	420	860
		420	1500	420	220	420	860
		420	860	420	1820	420	220
		420	1180	420	220	420	860
		420	1180	420	1500	420
	name b_rshift_m
		1060	860	420	220	420	540
		420	1500	420	220	420	860
		420	1180	420	540	420	860
		420	860	420	1820	420	220
		420	1180	420	220	420	860
		420	1180	420	1180	420
	name b_alt_m
		1060	860	420	220	420	540
		420	1500	420	220	420	860
		420	860	420	1500	420	220
		420	860	420	1820	420	220
		420	1180	420	220	420	860
		420	1820	420	220	420
	name b_ctrl_m
		1060	860	420	220	420	540
		420	1500	420	220	420	860
		420	860	420	860	420	1500
		420	220	420	1820	420	220
		420	1180	420	220	420	860
		420	1180	420	1500	420
	name b_altgr_m
		1060	860	420	220	420	540
		420	1500	420	220	420	860
		420	860	420	1180	420	540
		420	860	420	1820	420	220
		420	1180	420	220	420	860
		420	1500	420	540	420

# N Key
	name b_n
		1060	860	420	220	420	540
		420	1500	420	220	420	860
		420	860	420	860	420	860
		420	860	420	1820	420	860
		420	220	420	540	420	860
		420	1820	730
	name b_shift_n
		1060	860	420	220	420	540
		420	1500	420	220	420	860
		420	1500	420	220	420	860
		420	860	420	1820	420	860
		420	220	420	540	420	860
		420	1820	420	540	420
	name b_rshift_n
		1060	860	420	220	420	540
		420	1500	420	220	420	860
		420	1180	420	540	420	860
		420	860	420	1820	420	860
		420	220	420	540	420	860
		420	1820	420	220	420
	name b_alt_n
		1060	860	420	220	420	540
		420	1500	420	220	420	860
		420	860	420	1500	420	220
		420	860	420	1820	420	860
		420	220	420	540	420	860
		420	1180	420	540	420
	name b_ctrl_n
		1060	860	420	220	420	540
		420	1500	420	220	420	860
		420	860	420	860	420	1500
		420	220	420	1820	420	860
		420	220	420	540	420	860
		420	1820	420	540	420
	name b_altgr_n
		1060	860	420	220	420	540
		420	1500	420	220	420	860
		420	860	420	1180	420	540
		420	860	420	1820	420	860
		420	220	420	540	420	860
		420	860	420	860	420

# O Key
	name b_o
		1060	860	420	220	420	540
		420	1500	420	220	420	860
		420	860	420	860	420	860
		420	860	420	1500	420	860
		420	540	420	540	420	860
		420	1180	420	1500	420
	name b_shift_o
		1060	860	420	220	420	540
		420	1500	420	220	420	860
		420	1500	420	220	420	860
		420	860	420	1500	420	860
		420	540	420	540	420	860
		420	1500	420	540	420
	name b_rshift_o
		1060	860	420	220	420	540
		420	1500	420	220	420	860
		420	1180	420	540	420	860
		420	860	420	1500	420	860
		420	540	420	540	420	860
		420	1500	420	220	420
	name b_alt_o
		1060	860	420	220	420	540
		420	1500	420	220	420	860
		420	860	420	1500	420	220
		420	860	420	1500	420	860
		420	540	420	540	420	860
		420	1820	420	860	420
	name b_ctrl_o
		1060	860	420	220	420	540
		420	1500	420	220	420	860
		420	860	420	860	420	1500
		420	220	420	1500	420	860
		420	540	420	540	420	860
		420	1500	420	540	420
	name b_altgr_o
		1060	860	420	220	420	540
		420	1500	420	220	420	860
		420	860	420	1180	420	540
		420	860	420	1500	420	860
		420	540	420	540	420	860
		420	1500	420	1180	420

# Keys oediaresis oe ร ยง
	name b_oo
		1060	860	420	220	420	540
		420	1500	420	220	420	860
		420	860	420	860	420	860
		420	860	420	1180	420	1180
		420	1180	730	860	420	1500
		420	220	420
	name b_shift_oo
		1060	860	420	220	420	540
		420	1500	420	220	420	860
		420	1500	420	220	420	860
		420	860	420	1180	420	1180
		420	1180	730	860	420	1500
		420	860	420
	name b_rshift_oo
		1060	860	420	220	420	540
		420	1500	420	220	420	860
		420	1180	420	540	420	860
		420	860	420	1180	420	1180
		420	1180	730	860	420	1500
		420	540	420
	name b_altgr_oo
		1060	860	420	220	420	540
		420	1500	420	220	420	860
		420	860	420	1180	420	540
		420	860	420	1180	420	1180
		420	1180	730	860	420	1820
		730
	name b_shift_altgr_oo
		1060	860	420	220	420	540
		420	1500	420	220	420	860
		420	1500	420	540	420	540
		420	860	420	1180	420	1180
		420	1180	730	860	420	1820
		420	540	420

# P Key
	name b_p
		1060	860	420	220	420	540
		420	1500	420	220	420	860
		420	860	420	860	420	860
		420	860	420	1500	420	860
		420	1180	730	860	420	1500
		420	540	420
	name b_shift_p
		1060	860	420	220	420	540
		420	1500	420	220	420	860
		420	1500	420	220	420	860
		420	860	420	1500	420	860
		420	1180	730	860	420	1500
		420	1180	420
	name b_rshift_p
		1060	860	420	220	420	540
		420	1500	420	220	420	860
		420	1180	420	540	420	860
		420	860	420	1500	420	860
		420	1180	730	860	420	1500
		420	860	420
	name b_alt_p
		1060	860	420	220	420	540
		420	1500	420	220	420	860
		420	860	420	1500	420	220
		420	860	420	1500	420	860
		420	1180	730	860	420	860
		420	1180	420
	name b_ctrl_p
		1060	860	420	220	420	540
		420	1500	420	220	420	860
		420	860	420	860	420	1500
		420	220	420	1500	420	860
		420	1180	730	860	420	1500
		420	1180	420
	name b_altgr_p
		1060	860	420	220	420	540
		420	1500	420	220	420	860
		420	860	420	1180	420	540
		420	860	420	1500	420	860
		420	1180	730	860	420	1820
		420	220	420

# Q Key
	name b_q
		1060	860	420	220	420	540
		420	1500	420	220	420	860
		420	860	420	860	420	860
		420	860	420	1500	420	220
		420	1500	420	220	420	860
		420	860	420	860	420
	name b_shift_q
		1060	860	420	220	420	540
		420	1500	420	220	420	860
		420	1500	420	220	420	860
		420	860	420	1500	420	220
		420	1500	420	220	420	860
		420	860	420	1500	420
	name b_rshift_q
		1060	860	420	220	420	540
		420	1500	420	220	420	860
		420	1180	420	540	420	860
		420	860	420	1500	420	220
		420	1500	420	220	420	860
		420	860	420	1180	420
	name b_alt_q
		1060	860	420	220	420	540
		420	1500	420	220	420	860
		420	860	420	1500	420	220
		420	860	420	1500	420	220
		420	1500	420	220	420	860
		420	1500	420	220	420
	name b_ctrl_q
		1060	860	420	220	420	540
		420	1500	420	220	420	860
		420	860	420	860	420	1500
		420	220	420	1500	420	220
		420	1500	420	220	420	860
		420	860	420	1500	420
	name b_altgr_q
		1060	860	420	220	420	540
		420	1500	420	220	420	860
		420	860	420	1180	420	540
		420	860	420	1500	420	220
		420	1500	420	220	420	860
		420	1180	420	540	420

# R Key
	name b_r
		1060	860	420	220	420	540
		420	1500	420	220	420	860
		420	860	420	860	420	860
		420	860	420	1500	420	540
		420	860	420	540	420	860
		420	860	420	1820	420
	name b_shift_r
		1060	860	420	220	420	540
		420	1500	420	220	420	860
		420	1500	420	220	420	860
		420	860	420	1500	420	540
		420	860	420	540	420	860
		420	1180	420	860	420
	name b_rshift_r
		1060	860	420	220	420	540
		420	1500	420	220	420	860
		420	1180	420	540	420	860
		420	860	420	1500	420	540
		420	860	420	540	420	860
		420	1180	420	540	420
	name b_alt_r
		1060	860	420	220	420	540
		420	1500	420	220	420	860
		420	860	420	1500	420	220
		420	860	420	1500	420	540
		420	860	420	540	420	860
		420	1500	420	1180	420
	name b_ctrl_r
		1060	860	420	220	420	540
		420	1500	420	220	420	860
		420	860	420	860	420	1500
		420	220	420	1500	420	540
		420	860	420	540	420	860
		420	1180	420	860	420
	name b_altgr_r
		1060	860	420	220	420	540
		420	1500	420	220	420	860
		420	860	420	1180	420	540
		420	860	420	1500	420	540
		420	860	420	540	420	860
		420	1180	420	1500	420

# S Key
	name b_s
		1060	860	420	220	420	540
		420	1500	420	220	420	860
		420	860	420	860	420	860
		420	860	420	1180	420	540
		420	1820	730	860	420	860
		420	860	420
	name b_shift_s
		1060	860	420	220	420	540
		420	1500	420	220	420	860
		420	1500	420	220	420	860
		420	860	420	1180	420	540
		420	1820	730	860	420	860
		420	1500	420
	name b_rshift_s
		1060	860	420	220	420	540
		420	1500	420	220	420	860
		420	1180	420	540	420	860
		420	860	420	1180	420	540
		420	1820	730	860	420	860
		420	1180	420
	name b_alt_s
		1060	860	420	220	420	540
		420	1500	420	220	420	860
		420	860	420	1500	420	220
		420	860	420	1180	420	540
		420	1820	730	860	420	1500
		420	220	420
	name b_ctrl_s
		1060	860	420	220	420	540
		420	1500	420	220	420	860
		420	860	420	860	420	1500
		420	220	420	1180	420	540
		420	1820	730	860	420	860
		420	1500	420
	name b_altgr_s
		1060	860	420	220	420	540
		420	1500	420	220	420	860
		420	860	420	1180	420	540
		420	860	420	1180	420	540
		420	1820	730	860	420	1180
		420	540	420

# T Key
	name b_t
		1060	860	420	220	420	540
		420	1500	420	220	420	860
		420	860	420	860	420	860
		420	1180	420	1500	420	220
		420	860	420	540	420	860
		420	1500	420	220	420
	name b_shift_t
		1060	860	420	220	420	540
		420	1500	420	220	420	860
		420	1500	420	220	420	860
		420	1180	420	1500	420	220
		420	860	420	540	420	860
		420	1500	420	860	420
	name b_rshift_t
		1060	860	420	220	420	540
		420	1500	420	220	420	860
		420	1180	420	540	420	860
		420	1180	420	1500	420	220
		420	860	420	540	420	860
		420	1500	420	540	420
	name b_alt_t
		1060	860	420	220	420	540
		420	1500	420	220	420	860
		420	860	420	1500	420	220
		420	1180	420	1500	420	220
		420	860	420	540	420	860
		420	860	420	860	420
	name b_ctrl_t
		1060	860	420	220	420	540
		420	1500	420	220	420	860
		420	860	420	860	420	1500
		420	540	420	1500	420	220
		420	860	420	540	420	860
		420	1500	420	860	420
	name b_altgr_t
		1060	860	420	220	420	540
		420	1500	420	220	420	860
		420	860	420	1180	420	540
		420	1180	420	1500	420	220
		420	860	420	540	420	860
		420	1820	730

# U Key
	name b_u
		1060	860	420	220	420	540
		420	1500	420	220	420	860
		420	860	420	860	420	860
		420	860	420	1500	420	540
		420	1180	420	220	420	860
		420	1180	420	540	420
	name b_shift_u
		1060	860	420	220	420	540
		420	1500	420	220	420	860
		420	1500	420	220	420	860
		420	860	420	1500	420	540
		420	1180	420	220	420	860
		420	1180	420	1180	420
	name b_rshift_u
		1060	860	420	220	420	540
		420	1500	420	220	420	860
		420	1180	420	540	420	860
		420	860	420	1500	420	540
		420	1180	420	220	420	860
		420	1180	420	860	420
	name b_alt_u
		1060	860	420	220	420	540
		420	1500	420	220	420	860
		420	860	420	1500	420	220
		420	860	420	1500	420	540
		420	1180	420	220	420	860
		420	1820	730
	name b_ctrl_u
		1060	860	420	220	420	540
		420	1500	420	220	420	860
		420	860	420	860	420	1500
		420	220	420	1500	420	540
		420	1180	420	220	420	860
		420	1180	420	1180	420
	name b_altgr_u
		1060	860	420	220	420	540
		420	1500	420	220	420	860
		420	860	420	1180	420	540
		420	860	420	1500	420	540
		420	1180	420	220	420	860
		420	1500	420	220	420

# Keys oediaresis ue + *
	name b_uu
		1060	860	420	220	420	540
		420	1500	420	220	420	860
		420	860	420	860	420	860
		420	860	420	860	420	1500
		420	540	420	540	420	860
		420	1180	420	860	420
	name b_shift_uu
		1060	860	420	220	420	540
		420	1500	420	220	420	860
		420	1500	420	220	420	860
		420	860	420	860	420	1500
		420	540	420	540	420	860
		420	1180	420	1500	420
	name b_rshift_uu
		1060	860	420	220	420	540
		420	1500	420	220	420	860
		420	1180	420	540	420	860
		420	860	420	860	420	1500
		420	540	420	540	420	860
		420	1180	420	1180	420
	name b_altgr_uu
		1060	860	420	220	420	540
		420	1500	420	220	420	860
		420	860	420	1180	420	540
		420	860	420	860	420	1500
		420	540	420	540	420	860
		420	1500	420	540	420
	name b_shift_altgr_uu
		1060	860	420	220	420	540
		420	1500	420	220	420	860
		420	1500	420	540	420	540
		420	860	420	860	420	1500
		420	540	420	540	420	860
		420	1500	420	1180	420
	name b_rshift_altgr_uu
		1060	860	420	220	420	540
		420	1500	420	220	420	860
		420	1180	420	860	420	540
		420	860	420	860	420	1500
		420	540	420	540	420	860
		420	1500	420	860	420

# V Key
	name b_v
		1060	860	420	220	420	540
		420	1500	420	220	420	860
		420	860	420	860	420	860
		420	860	420	1820	420	220
		420	860	420	540	420	860
		420	1180	420	540	420
	name b_shift_v
		1060	860	420	220	420	540
		420	1500	420	220	420	860
		420	1500	420	220	420	860
		420	860	420	1820	420	220
		420	860	420	540	420	860
		420	1180	420	1180	420
	name b_rshift_v
		1060	860	420	220	420	540
		420	1500	420	220	420	860
		420	1180	420	540	420	860
		420	860	420	1820	420	220
		420	860	420	540	420	860
		420	1180	420	860	420
	name b_alt_v
		1060	860	420	220	420	540
		420	1500	420	220	420	860
		420	860	420	1500	420	220
		420	860	420	1820	420	220
		420	860	420	540	420	860
		420	1820	730
	name b_ctrl_v
		1060	860	420	220	420	540
		420	1500	420	220	420	860
		420	860	420	860	420	1500
		420	220	420	1820	420	220
		420	860	420	540	420	860
		420	1180	420	1180	420
	name b_altgr_v
		1060	860	420	220	420	540
		420	1500	420	220	420	860
		420	860	420	1180	420	540
		420	860	420	1820	420	220
		420	860	420	540	420	860
		420	1500	420	220	420

# W Key
	name b_w
		1060	860	420	220	420	540
		420	1500	420	220	420	860
		420	860	420	860	420	860
		420	860	420	1500	420	220
		420	1820	730	860	420	860
		420	1180	420
	name b_shift_w
		1060	860	420	220	420	540
		420	1500	420	220	420	860
		420	1500	420	220	420	860
		420	860	420	1500	420	220
		420	1820	730	860	420	860
		420	1820	420
	name b_rshift_w
		1060	860	420	220	420	540
		420	1500	420	220	420	860
		420	1180	420	540	420	860
		420	860	420	1500	420	220
		420	1820	730	860	420	860
		420	1500	420
	name b_alt_w
		1060	860	420	220	420	540
		420	1500	420	220	420	860
		420	860	420	1500	420	220
		420	860	420	1500	420	220
		420	1820	730	860	420	1500
		420	540	420
	name b_ctrl_w
		1060	860	420	220	420	540
		420	1500	420	220	420	860
		420	860	420	860	420	1500
		420	220	420	1500	420	220
		420	1820	730	860	420	860
		420	1820	420
	name b_altgr_w
		1060	860	420	220	420	540
		420	1500	420	220	420	860
		420	860	420	1180	420	540
		420	860	420	1500	420	220
		420	1820	730	860	420	1180
		420	860	420

# X Key
	name b_x
		1060	860	420	220	420	540
		420	1500	420	220	420	860
		420	860	420	860	420	860
		420	860	420	1820	730	1820
		730	860	420	860	420	1500
		420
	name b_shift_x
		1060	860	420	220	420	540
		420	1500	420	220	420	860
		420	1500	420	220	420	860
		420	860	420	1820	730	1820
		730	860	420	1180	420	540
		420
	name b_rshift_x
		1060	860	420	220	420	540
		420	1500	420	220	420	860
		420	1180	420	540	420	860
		420	860	420	1820	730	1820
		730	860	420	860	420	1820
		420
	name b_alt_x
		1060	860	420	220	420	540
		420	1500	420	220	420	860
		420	860	420	1500	420	220
		420	860	420	1820	730	1820
		730	860	420	1500	420	860
		420
	name b_ctrl_x
		1060	860	420	220	420	540
		420	1500	420	220	420	860
		420	860	420	860	420	1500
		420	220	420	1820	730	1820
		730	860	420	1180	420	540
		420
	name b_altgr_x
		1060	860	420	220	420	540
		420	1500	420	220	420	860
		420	860	420	1180	420	540
		420	860	420	1820	730	1820
		730	860	420	1180	420	1180
		420

# Y Key
	name b_y
		1060	860	420	220	420	540
		420	1500	420	220	420	860
		420	860	420	860	420	860
		420	860	420	1820	730	1500
		420	220	420	860	420	860
		420	1180	420
	name b_shift_y
		1060	860	420	220	420	540
		420	1500	420	220	420	860
		420	1500	420	220	420	860
		420	860	420	1820	730	1500
		420	220	420	860	420	860
		420	1820	420
	name b_rshift_y
		1060	860	420	220	420	540
		420	1500	420	220	420	860
		420	1180	420	540	420	860
		420	860	420	1820	730	1500
		420	220	420	860	420	860
		420	1500	420
	name b_alt_y
		1060	860	420	220	420	540
		420	1500	420	220	420	860
		420	860	420	1500	420	220
		420	860	420	1820	730	1500
		420	220	420	860	420	1500
		420	540	420
	name b_ctrl_y
		1060	860	420	220	420	540
		420	1500	420	220	420	860
		420	860	420	860	420	1500
		420	220	420	1820	730	1500
		420	220	420	860	420	860
		420	1820	420
	name b-altgr_y
		1060	860	420	220	420	540
		420	1500	420	220	420	860
		420	860	420	1180	420	540
		420	860	420	1820	730	1500
		420	220	420	860	420	1180
		420	860	420

# Z Key
	name b_z
		1060	860	420	220	420	540
		420	1500	420	220	420	860
		420	860	420	860	420	860
		420	1180	420	1500	420	220
		420	1180	420	220	420	860
		420	1500	420	540	420
	name b_shift_z
		1060	860	420	220	420	540
		420	1500	420	220	420	860
		420	1500	420	220	420	860
		420	1180	420	1500	420	220
		420	1180	420	220	420	860
		420	1500	420	1180	420
	name b_rshift_z
		1060	860	420	220	420	540
		420	1500	420	220	420	860
		420	1180	420	540	420	860
		420	1180	420	1500	420	220
		420	1180	420	220	420	860
		420	1500	420	860	420
	name b_alt_z
		1060	860	420	220	420	540
		420	1500	420	220	420	860
		420	860	420	1500	420	220
		420	1180	420	1500	420	220
		420	1180	420	220	420	860
		420	860	420	1180	420
	name b_ctrl_z
		1060	860	420	220	420	540
		420	1500	420	220	420	860
		420	860	420	860	420	1500
		420	540	420	1500	420	220
		420	1180	420	220	420	860
		420	1500	420	1180	420
	name b_altgr_z
		1060	860	420	220	420	540
		420	1500	420	220	420	860
		420	860	420	1180	420	540
		420	1180	420	1500	420	220
		420	1180	420	220	420	860
		420	1820	420	220	420
end raw_codes
end remote
