#
# this config file was hand written with help from
# http://www.onlinetvrecorder.com/OTRCable/software/index.html
#
# contributed by RedDog <reddog|mastersword.de>
#
# brand:                       TCUAG
# model no. of remote control: 
# devices being controlled by this remote: TVOON 
#

begin remote

  name  TCUAG_TVOON
  flags RAW_CODES
  eps            50
  aeps          120

  gap          23100
  min_repeat      1
  frequency    38400

      begin raw_codes

          name Mute
             8000    4000     500     500     500    1500
              500    1500     500     500     500     500
              500     500     500     500     500     500
              500    4000     500     500     500     500
              500     500     500     500     500     500
              500     500     500     500     500     500
              500

          name StdBy
             8000    4000     500     500     500    1500
              500    1500     500     500     500     500
              500     500     500     500     500     500
              500    4000     500    1500     500     500
              500     500     500     500     500     500
              500     500     500     500     500     500
              500

          name 1
             8000    4000     500     500     500    1500
              500    1500     500     500     500     500
              500     500     500     500     500     500
              500    4000     500     500     500    1500
              500     500     500     500     500     500
              500     500     500     500     500     500
              500

          name 2
             8000    4000     500     500     500    1500
              500    1500     500     500     500     500
              500     500     500     500     500     500
              500    4000     500    1500     500    1500
              500     500     500     500     500     500
              500     500     500     500     500     500
              500

          name 3
             8000    4000     500     500     500    1500
              500    1500     500     500     500     500
              500     500     500     500     500     500
              500    4000     500     500     500     500
              500    1500     500     500     500     500
              500     500     500     500     500     500
              500

          name 4
             8000    4000     500     500     500    1500
              500    1500     500     500     500     500
              500     500     500     500     500     500
              500    4000     500    1500     500     500
              500    1500     500     500     500     500
              500     500     500     500     500     500
              500

          name 5
             8000    4000     500     500     500    1500
              500    1500     500     500     500     500
              500     500     500     500     500     500
              500    4000     500     500     500    1500
              500    1500     500     500     500     500
              500     500     500     500     500     500
              500

          name 6
             8000    4000     500     500     500    1500
              500    1500     500     500     500     500
              500     500     500     500     500     500
              500    4000     500    1500     500    1500
              500    1500     500     500     500     500
              500     500     500     500     500     500
              500

          name 7
             8000    4000     500     500     500    1500
              500    1500     500     500     500     500
              500     500     500     500     500     500
              500    4000     500     500     500     500
              500     500     500    1500     500     500
              500     500     500     500     500     500
              500

          name 8
             8000    4000     500     500     500    1500
              500    1500     500     500     500     500
              500     500     500     500     500     500
              500    4000     500    1500     500     500
              500     500     500    1500     500     500
              500     500     500     500     500     500
              500

          name 9
             8000    4000     500     500     500    1500
              500    1500     500     500     500     500
              500     500     500     500     500     500
              500    4000     500     500     500    1500
              500     500     500    1500     500     500
              500     500     500     500     500     500
              500

          name 0
             8000    4000     500     500     500    1500
              500    1500     500     500     500     500
              500     500     500     500     500     500
              500    4000     500    1500     500    1500
              500     500     500    1500     500     500
              500     500     500     500     500     500
              500

          name Wish
             8000    4000     500     500     500    1500
              500    1500     500     500     500     500
              500     500     500     500     500     500
              500    4000     500     500     500     500
              500     500     500     500     500     500
              500    1500     500     500     500     500
              500

          name Key
             8000    4000     500     500     500    1500
              500    1500     500     500     500     500
              500     500     500     500     500     500
              500    4000     500    1500     500     500
              500     500     500     500     500     500
              500    1500     500     500     500     500
              500

          name No
             8000    4000     500     500     500    1500
              500    1500     500     500     500     500
              500     500     500     500     500     500
              500    4000     500     500     500     500
              500    1500     500    1500     500     500
              500     500     500     500     500     500
              500

          name Yes
             8000    4000     500     500     500    1500
              500    1500     500     500     500     500
              500     500     500     500     500     500
              500    4000     500     500     500    1500
              500    1500     500    1500     500     500
              500     500     500     500     500     500
              500

          name Up
             8000    4000     500     500     500    1500
              500    1500     500     500     500     500
              500     500     500     500     500     500
              500    4000     500    1500     500     500
              500    1500     500    1500     500     500
              500     500     500     500     500     500
              500

          name Left
             8000    4000     500     500     500    1500
              500    1500     500     500     500     500
              500     500     500     500     500     500
              500    4000     500    1500     500    1500
              500    1500     500    1500     500     500
              500     500     500     500     500     500
              500

          name Menu
             8000    4000     500     500     500    1500
              500    1500     500     500     500     500
              500     500     500     500     500     500
              500    4000     500     500     500     500
              500     500     500     500     500    1500
              500     500     500     500     500     500
              500

          name Right
             8000    4000     500     500     500    1500
              500    1500     500     500     500     500
              500     500     500     500     500     500
              500    4000     500    1500     500     500
              500     500     500     500     500    1500
              500     500     500     500     500     500
              500

          name Down
             8000    4000     500     500     500    1500
              500    1500     500     500     500     500
              500     500     500     500     500     500
              500    4000     500     500     500    1500
              500     500     500     500     500    1500
              500     500     500     500     500     500
              500

          name VTX
             8000    4000     500     500     500    1500
              500    1500     500     500     500     500
              500     500     500     500     500     500
              500    4000     500     500     500    1500
              500     500     500     500     500     500
              500    1500     500     500     500     500
              500

          name Red
             8000    4000     500     500     500    1500
              500    1500     500     500     500     500
              500     500     500     500     500     500
              500    4000     500    1500     500    1500
              500     500     500     500     500    1500
              500     500     500     500     500     500
              500

          name Green
             8000    4000     500     500     500    1500
              500    1500     500     500     500     500
              500     500     500     500     500     500
              500    4000     500    1500     500    1500
              500     500     500     500     500     500
              500    1500     500     500     500     500
              500

          name Yellow
             8000    4000     500     500     500    1500
              500    1500     500     500     500     500
              500     500     500     500     500     500
              500    4000     500     500     500     500
              500    1500     500     500     500    1500
              500     500     500     500     500     500
              500

          name Blue
             8000    4000     500     500     500    1500
              500    1500     500     500     500     500
              500     500     500     500     500     500
              500    4000     500    1500     500     500
              500    1500     500     500     500    1500
              500     500     500     500     500     500
              500

          name Rewind
             8000    4000     500     500     500    1500
              500    1500     500     500     500     500
              500     500     500     500     500     500
              500    4000     500     500     500    1500
              500    1500     500     500     500    1500
              500     500     500     500     500     500
              500

          name Start
             8000    4000     500     500     500    1500
              500    1500     500     500     500     500
              500     500     500     500     500     500
              500    4000     500    1500     500    1500
              500    1500     500     500     500    1500
              500     500     500     500     500     500
              500

          name Forward
             8000    4000     500     500     500    1500
              500    1500     500     500     500     500
              500     500     500     500     500     500
              500    4000     500     500     500     500
              500     500     500    1500     500    1500
              500     500     500     500     500     500
              500

          name Record
             8000    4000     500     500     500    1500
              500    1500     500     500     500     500
              500     500     500     500     500     500
              500    4000     500    1500     500     500
              500     500     500    1500     500    1500
              500     500     500     500     500     500
              500

          name Stop
             8000    4000     500     500     500    1500
              500    1500     500     500     500     500
              500     500     500     500     500     500
              500    4000     500     500     500    1500
              500     500     500    1500     500    1500
              500     500     500     500     500     500
              500

          name Pause
             8000    4000     500     500     500    1500
              500    1500     500     500     500     500
              500     500     500     500     500     500
              500    4000     500     500     500     500
              500    1500     500     500     500    1500
              500    1500     500     500     500     500
              500

          name F1
             8000    4000     500     500     500    1500
              500    1500     500     500     500     500
              500     500     500     500     500     500
              500    4000     500    1500     500    1500
              500     500     500    1500     500    1500
              500     500     500     500     500     500
              500

          name F2
             8000    4000     500     500     500    1500
              500    1500     500     500     500     500
              500     500     500     500     500     500
              500    4000     500     500     500     500
              500    1500     500    1500     500    1500
              500     500     500     500     500     500
              500

          name F3
             8000    4000     500     500     500    1500
              500    1500     500     500     500     500
              500     500     500     500     500     500
              500    4000     500    1500     500     500
              500    1500     500    1500     500    1500
              500     500     500     500     500     500
              500

          name TV
             8000    4000     500     500     500    1500
              500    1500     500     500     500     500
              500     500     500     500     500     500
              500    4000     500     500     500    1500
              500    1500     500    1500     500    1500
              500     500     500     500     500     500
              500

          name Quit
             8000    4000     500     500     500    1500
              500    1500     500     500     500     500
              500     500     500     500     500     500
              500    4000     500    1500     500    1500
              500    1500     500    1500     500    1500
              500     500     500     500     500     500
              500

          name Help
             8000    4000     500     500     500    1500
              500    1500     500     500     500     500
              500     500     500     500     500     500
              500    4000     500    1500     500     500
              500    1500     500     500     500    1500
              500    1500     500     500     500     500
              500

          name EPG
             8000    4000     500     500     500    1500
              500    1500     500     500     500     500
              500     500     500     500     500     500
              500    4000     500     500     500    1500
              500    1500     500     500     500    1500
              500    1500     500     500     500     500
              500

      end raw_codes

end remote

begin remote

  name   TCUAG_TVBOX
  flags RAW_CODES
  eps            5
  aeps          50
  frequency   38400

  gap          5000
# I2CREGVOL
# I2CREGPC  wenn 1: Quelle für PC  = VCR sonst TV
# I2CREGTV  wenn 1: Quelle für TV  = VCR sonst PC
# I2CREGVCR wenn 1: Quelle für VCR = TV  sonst PC
# I2CREGVOLOFF
# I2CREG12OFF  # 12V Einspeisung AN/AUS?
# I2CREG12I    # 12V Durchschleifen AN?
# I2CREG12O    # 12V Durchschleifen AUS?

      begin raw_codes
	name TV
#HEAD
		20000 20000 20000 20000
		4000  500 1000  500  500  500 1000  500
		 500  500 1000  500  500  500 1000  500
		 500  500 1000  500  500  500  500 2900
		4000  500 1000  500  500  500 1000  500
		 500  500 1000  500  500  500  500  500
		 500  500  500  500 1000  500 1000 2900
		4000  500 1000  500  500  500 1000  500
		 500  500 1000  500  500  500 1000  500
		 500  500 1000  500  500  500 1000 2900
		4000  500 1000  500  500  500 1000  500
		 500  500 1000  500  500  500  500  500
		 500  500  500  500  500  500 1000 2900
		4000  500 1000  500  500  500 1000  500
		 500  500 1000  500  500  500  500  500
		 500  500 1000  500 1000  500 1000 2900
		
#CMD erstes Byte
		4000  500 1000  500  500  500 1000  500
		 500  500
		 500  500 
		 500  500 
		 500  500
		 500  500
		 500  500
		 500  500
		 500 2900

#CMD zweites Byte
		4000  500 1000  500  500  500 1000  500
		 500  500
		 500  500
		 500  500
		 500  500
		 500  500
		1000  500
		 500  500
		1000 

	name PC
#HEAD
		20000 20000 20000 20000
		4000  500 1000  500  500  500 1000  500
		 500  500 1000  500  500  500 1000  500
		 500  500 1000  500  500  500  500 2900
		4000  500 1000  500  500  500 1000  500
		 500  500 1000  500  500  500  500  500
		 500  500  500  500 1000  500 1000 2900
		4000  500 1000  500  500  500 1000  500
		 500  500 1000  500  500  500 1000  500
		 500  500 1000  500  500  500 1000 2900
		4000  500 1000  500  500  500 1000  500
		 500  500 1000  500  500  500  500  500
		 500  500  500  500  500  500 1000 2900
		4000  500 1000  500  500  500 1000  500
		 500  500 1000  500  500  500  500  500
		 500  500 1000  500 1000  500 1000 2900

#CMD erstes Byte
		4000  500 1000  500  500  500 1000  500
		 500  500
		1000  500 
		 500  500 
		 500  500
		 500  500
		 500  500
		 500  500
		 500 2900

#CMD zweites Byte
		4000  500 1000  500  500  500 1000  500
		 500  500
		1000  500
		 500  500
		 500  500
		 500  500
		 500  500
		 500  500
		1000 

	name VCR
#HEAD
		20000 20000 20000 20000
		4000  500 1000  500  500  500 1000  500
		 500  500 1000  500  500  500 1000  500
		 500  500 1000  500  500  500  500 2900
		4000  500 1000  500  500  500 1000  500
		 500  500 1000  500  500  500  500  500
		 500  500  500  500 1000  500 1000 2900
		4000  500 1000  500  500  500 1000  500
		 500  500 1000  500  500  500 1000  500
		 500  500 1000  500  500  500 1000 2900
		4000  500 1000  500  500  500 1000  500
		 500  500 1000  500  500  500  500  500
		 500  500  500  500  500  500 1000 2900
		4000  500 1000  500  500  500 1000  500
		 500  500 1000  500  500  500  500  500
		 500  500 1000  500 1000  500 1000 2900

#CMD erstes Byte
		4000  500 1000  500  500  500 1000  500
		 500  500
		 500  500
		1000  500
		 500  500
		 500  500
		 500  500
		 500  500
		 500 2900

#CMD zweites Byte
		4000  500 1000  500  500  500 1000  500
		 500  500
		 500  500
		1000  500
		 500  500
		 500  500
		 500  500
		1000  500
		 500

      end raw_codes

end remote
