#
# this config file was automatically generated
# using lirc-0.7.0pre3(serial) on Sun Apr 18 17:17:26 2004
#
# contributed by Kevin Bowman (lirc|magicmonkey.org)
#
# brand:                                   Pace
# model no. of remote control: 
# devices being controlled by this remote: Twin Digital TV Recorder (UK Freeview / DTT)
#                                          http://www.pacefreetoview.co.uk/02twin.asp
#

begin remote

  name   pacetwin
  flags CONST_LENGTH|RAW_CODES
  eps            30
  aeps          100

  ptrail          0
  repeat     0     0
  gap    59223

      begin raw_codes

          name power
             8056    3923     547     452     545    1449
              545     452     570     427     548     449
              547    1447     547     450     547     448
              572    3902     518     479     545     452
              549     450     570     427     545     452
              547     450     572     427     570     421
              572

          name OK
             8081    3876     570     450     574    1420
              571     425     572     427     572     425
              572    1423     571     425     573     423
              571    3900     572     425     574     425
              573     425     571     425     572    1422
              572    1424     571     425     571     421
              571

          name 1
             8079    3900     569     428     572    1423
              571     425     572     425     572     428
              571    1423     569     431     568     432
              563    3879     568     450     547     451
              571     428     571     425     572     426
              571    1422     573     424     572     421
              572

          name 2
             8082    3897     573     426     571    1423
              570     427     572     426     571     425
              571    1423     572     425     572     423
              574    3898     574    1420     574     425
              572     425     572     425     572     427
              570    1422     572     427     572     419
              571

          name 3
             8082    3900     572     425     572    1422
              572     425     572     425     572     427
              572    1419     574     427     571     423
              572    3900     547     451     570    1423
              572     425     571     428     572     425
              572    1423     568     428     572     418
              575

          name 4
             8081    3898     546     451     573    1421
              571     426     571     428     571     426
              571    1423     571     426     571     424
              571    3901     547    1446     572    1422
              573     425     572     425     574     423
              574    1420     572     425     574     418
              572

          name 5
             8081    3898     571     425     574    1420
              572     426     572     426     572     427
              571    1421     572     427     571     422
              572    3900     573     426     572     425
              572    1420     572     427     572     425
              572    1423     571     425     572     421
              572

          name 6
             8079    3897     547     453     571    1423
              571     426     571     427     571     427
              570    1421     572     428     571     425
              569    3902     546    1446     572     427
              572    1422     572     426     570     426
              573    1422     570     426     572     420
              573

          name 7
             8081    3897     572     425     575    1420
              572     425     573     426     572     425
              573    1421     571     426     572     422
              572    3901     547     452     572    1420
              571    1423     572     425     574     426
              572    1419     572     427     572     419
              570

          name 8
             8082    3877     594     425     572    1422
              572     425     572     425     572     425
              574    1421     574     422     574     421
              574    3901     546    1445     574    1420
              572    1422     572     425     572     425
              574    1420     572     426     571     421
              571

          name 9
             8151    3900     571     426     571    1423
              569     427     572     426     571     425
              574    1421     571     426     573     422
              573    3901     571     426     571     425
              573     427     572    1420     571     427
              573    1421     571     427     572     418
              574

          name 0
             8080    3897     599     399     571    1422
              572     426     571     428     571     425
              573    1421     583     415     571     423
              573    3899     572    1423     571     425
              572     427     572    1420     574     426
              571    1421     571     425     574     419
              572

          name mute
             8081    3898     572     427     572    1420
              575     425     571     425     572     425
              572    1422     572     425     572     423
              572    3901     549    1445     573    1420
              572     425     572    1422     573     424
              572     427     572     425     572     421
              572

          name subtitle
             8031    3903     518     501     547    1447
              545     452     548     452     544     452
              546    1449     544     452     545     451
              544    3928     495    1498     546     452
              546    1448     545     452     547    1447
              545     452     546    1448     544     449
              544

          name tvdtv
             8055    3924     547     452     570    1422
              548     451     545     452     570     428
              571    1423     544     453     571     423
              572    3901     517     482     569    1425
              544     453     569    1425     544    1448
              571    1422     570     428     571     421
              569

          name ext
             8081    3898     572     428     569    1422
              572     428     570     426     572     425
              572    1423     569     429     571     422
              571    3881     540     479     569     428
              547    1447     545     453     571    1422
              546    1449     570     427     570     421
              546

          name ch_up
             8077    3899     545     453     570    1430
              564     436     562     438     533     466
              533    1446     574     425     572     423
              572    3901     571    1422     572    1419
              575     425     572     425     574    1420
              547    1445     571     429     571     418
              574

          name ch_down
             8054    3925     547     452     545    1447
              547     452     545     452     547     450
              547    1448     546     450     547     448
              572    3900     547     453     571    1420
              572    1422     573     425     546    1448
              571    1422     573     425     571     421
              572

          name ch_up_2
             8058    3899     546     450     572    1422
              572     425     574     426     571     426
              571    1423     572     424     572     424
              571    3900     573    1421     572     425
              572    1422     572    1422     572    1420
              572     427     572    1422     573     417
              572

          name ch_down_2
             8056    3925     518     459     567    1447
              547     450     547     452     545     453
              544    1449     545     452     545     450
              545    3927     547     450     546    1449
              544    1450     543    1450     545    1447
              547     450     547    1447     546     447
              544

          name menu
             8054    3926     546     450     548    1446
              547     450     547     452     545     453
              547    1446     545     452     548     447
              548    3904     541     476     547     453
              547    1447     544    1450     547    1446
              547    1447     546     451     547     444
              545

          name timer
             8080    3897     547     451     572    1423
              573     424     572     425     572     426
              573    1420     571     426     575     421
              571    3903     571    1420     573    1421
              573    1422     571    1422     571    1422
              574     424     571    1421     575     418
              572

          name red
             8082    3898     546     452     572    1422
              572     425     547     450     572     428
              571    1420     547     452     572     423
              572    3901     570     426     572    1422
              572     425     572    1422     572     425
              572    1422     572     425     573     420
              571

          name green
             8082    3899     572     425     572    1427
              567     434     563     437     560     425
              575    1419     573     425     574     420
              574    3900     556    1416     594    1420
              572     426     572    1421     578     419
              581    1413     571     427     571     421
              571

          name yellow
             8059    3898     522     475     573    1421
              571     425     572     428     572     425
              572    1422     572     425     572     423
              571    3901     571     428     572     425
              572    1422     572    1420     572     427
              572    1420     574     425     572     418
              547

          name blue
             8082    3900     544     454     572    1421
              571     426     572     425     574     426
              572    1419     571     429     572     422
              571    3901     572    1422     572     425
              572    1422     572    1420     574     425
              572    1420     574     425     572     418
              572

          name exit
             8081    3898     524     473     548    1446
              572     427     545     452     545     452
              547    1448     546     452     546     448
              547    3925     495    1499     546    1448
              546     450     547     453     544    1448
              546     453     569    1423     547     445
              547

          name text
             8081    3899     546     452     572    1421
              574     425     571     426     571     426
              573    1421     571     425     574     422
              571    3903     545     451     573     425
              574    1419     573     424     573    1422
              571     426     572    1422     572     420
              572

          name d_up
             8056    3923     520     479     572    1422
              545     452     547     451     547     452
              544    1447     547     453     544     452
              544    3926     570     427     547    1447
              544    1450     545    1447     572     427
              546    1446     547     452     546     444
              548

          name d_down
             8080    3900     518     480     571    1422
              570     428     571     426     571     428
              569    1423     571     428     570     424
              570    3902     572     425     573    1422
              546     450     572     428     569    1422
              572    1423     546     450     573     420
              572

          name d_left
             8082    3899     545     453     571    1423
              571     428     548     449     572     427
              571    1423     545     451     546     448
              545    3927     518    1475     545    1450
              544    1448     546    1447     546     452
              546    1448     545     452     546     446
              545

          name d_right
             8082    3897     547     450     571    1423
              571     426     571     428     572     425
              571    1424     572     424     571     425
              571    3900     572    1422     571     426
              574     425     573     424     573    1422
              571    1420     574     425     572     419
              571

          name guide
             8079    3900     571     425     572    1422
              573     424     573     425     547     452
              572    1421     573     425     572     422
              573    3900     546     451     574    1420
              571     428     571     427     570    1424
              571     425     571    1423     572     419
              571

          name info
             8081    3899     546     450     575    1419
              574     425     573     425     571     425
              575    1419     572     425     572     423
              574    3901     546     451     571    1422
              572    1423     571     425     572    1422
              572     427     571    1421     572     419
              574

          name return
             8081    3899     571     425     574    1420
              571     426     573     427     571     425
              572    1422     572     425     572     424
              571    3900     548    1447     573    1420
              572     425     574    1420     572    1422
              572    1422     572     425     572     420
              573

          name list
             8056    3925     517     479     548    1448
              547     449     548     452     569     427
              547    1448     544     452     548     447
              546    3927     571    1423     547     451
              545     453     547     450     546    1448
              546     450     547    1447     547     445
              545

          name clip
             8082    3897     520     480     544    1450
              571     426     573     423     578     422
              578    1413     547     453     570     425
              544    3927     519    1475     545     452
              548     452     545     451     570     427
              547     451     547    1446     549     445
              546

          name library
             8060    3897     546     453     572    1420
              573     426     572     426     571     425
              571    1423     571     428     572     422
              571    3902     571    1423     548     449
              547    1447     547    1447     548    1443
              557    1438     546     452     546     446
              546

          name vol_up
             8079    3898     546     450     575    1422
              572     425     572     425     572     426
              573    1421     571     427     573     422
              572    3900     547    1447     572     425
              572    1423     571     426     571    1423
              572    1422     572     425     571     421
              572

          name vol_down
             8078    3899     546     451     572    1424
              570     425     571     428     571     426
              571    1423     571     426     571     425
              571    3900     573     425     574     425
              572     427     572    1420     573    1420
              571    1424     571     425     572     420
              573

          name rew
             8053    3923     522     478     571    1422
              547     450     572     425     574     425
              571    1424     544     452     572     423
              572    3900     572    1423     572     425
              573     426     571    1422     572    1420
              572     427     573    1419     574     419
              572

          name pause
             8083    3899     521     477     572    1421
              571     427     572     425     572     426
              573    1421     571     426     571     423
              572    3902     548     449     572     428
              572    1420     574     425     572     425
              571     426     571    1423     572     420
              572

          name play
             8056    3926     517     479     547    1448
              546     451     546     452     545     452
              545    1449     545     452     547     449
              546    3927     493    1499     547    1447
              547    1447     545     452     547    1447
              545     452     547    1447     547     445
              545

          name ffwd
             8050    3926     518     481     545    1449
              545     451     545     454     546     453
              544    1453     540     461     536     464
              531    3928     517     480     548     451
              546     451     548    1447     554    1441
              545     451     550    1446     544     447
              544

          name prev
             8076    3901     571     425     572    1423
              571     427     571     427     572     425
              572    1422     572     425     571     424
              573    3899     574    1419     572    1423
              572     426     573    1420     573    1420
              572     425     572    1423     572     420
              572

          name record
             8081    3897     574     426     571    1420
              572     428     571     426     574     425
              571    1421     571     428     572     423
              571    3901     545    1449     572    1424
              571    1418     574     426     572    1422
              572    1424     568     427     572     418
              574

          name stop
             8079    3900     545     453     571    1421
              574     425     573     425     574     423
              578    1417     583     414     571     424
              571    3901     573     425     571     426
              574    1420     572    1422     572    1422
              572     426     572    1422     571     421
              571

          name next
             8081    3900     520     477     572    1422
              547     450     572     428     569     428
              546    1447     545     452     573     422
              572    3900     572     427     547    1449
              568     428     571    1423     544    1455
              564     436     538    1447     547     444
              571

      end raw_codes

end remote

