#
# this config file was automatically generated
# using lirc-0.8.0(serial) on Sun Apr 15 19:11:16 2007
#
# contributed by Marco Frigato marcofal|tiscali.it
#
# brand:                       DAEWOO	
# model no. of remote control: 97P04701
# devices being controlled by this remote: VCR
#

begin remote

  name   Daewoo_97P04701
  flags RAW_CODES|CONST_LENGTH
  eps            30
  aeps          100

  ptrail          0
  repeat     0     0
  gap    60059

      begin raw_codes

          name power
             8099    3911     578    1428     578     427
              576    1429     578     424     578    1428
              580     425     577     426     578     427
              574    3938     577    1431     577     425
              578    1427     577     428     578    1428
              577     427     575     428     578     425
              577

          name 1
             8072    3963     524    1481     501     501
              551    1457     524     478     528    1478
              527     479     522     479     527     476
              501    4013     526    1480     529     476
              526     477     526     476     527     479
              524     477     524     479     552     453
              526

          name 2
             8075    3960     527    1479     529     484
              544    1452     529     474     527    1481
              552     450     527     476     502     500
              527    3990     525     478     502    1482
              548     476     529     474     503     502
              527     476     529     473     554     448
              529

          name 3
             8101    3912     549    1479     526     476
              528    1457     576     429     550    1456
              523     501     527     476     527     476
              502    3999     543    1457     548    1458
              548     475     529     453     549     455
              549     475     527     455     548     477
              528

          name tv_vcr
             8080    3955     501    1504     527     476
              501    1484     549     454     550    1478
              527     478     551     452     526     476
              552    3962     527     476     529    1479
              524    1480     530     473     529    1479
              552     430     548     478     551     451
              538

          name show_view
             8076    3959     527    1478     527     477
              554    1453     524     478     526    1480
              503     502     527     476     526     476
              553    3961     527    1481     527     476
              549     453     527    1481     525    1481
              526    1479     527     476     528     476
              552

          name 4
             8098    3914     524    1504     526     477
              526    1479     552     453     552    1454
              502     502     524     478     525     479
              526    3985     529     476     502     501
              502    1506     501     502     527     475
              501     501     527     478     502     501
              527

          name 5
             8073    3961     526    1480     527     477
              526    1478     502     504     524    1480
              502     501     502     503     499     504
              501    4013     552    1454     526     478
              525    1482     525     476     527     478
              500     503     527     475     528     476
              501

          name 6
             8045    3988     524    1481     526     476
              527    1481     527     476     553    1453
              526     479     526     476     552     451
              552    3961     527     476     530    1478
              527    1478     527     476     527     478
              551     451     502     501     527     479
              526

          name AV
             8072    3964     527    1479     499     504
              525    1480     528     478     525    1479
              528     477     525     478     499     504
              527    3987     524     479     501    1506
              525    1481     526     476     527    1481
              525    1481     527     476     527     476
              524

          name 7
             8072    3961     526    1478     529     476
              527    1479     527     478     524    1480
              527     476     526     477     527     478
              499    4014     528    1479     527    1480
              553    1453     526     478     578     425
              578     424     526     478     526     476
              528

          name 8
             8095    3935     527    1481     524     479
              550    1457     524     479     524    1481
              501     504     498     505     552     450
              577    3938     527     475     528     478
              551     450     525    1481     527     478
              527     476     524     478     526     476
              501

          name 9
             8075    3957     527    1481     499     504
              525    1484     524     478     524    1483
              524     477     524     481     498     504
              525    3989     527    1479     526     478
              526     478     526    1478     528     475
              527     478     525     479     526     476
              501

          name TR
             8095    3940     522    1483     525     476
              526    1481     527     477     526    1481
              524     478     499     504     527     476
              526    3988     526     476     527     478
              525    1480     528    1481     499    1506
              527     476     501     503     500     503
              527

          name timer
             8073    3958     529    1477     554     451
              524    1481     552     451     546    1461
              527     477     526     476     529     473
              501    4014     529    1477     553     430
              549    1480     524    1481     527    1478
              529     476     527     476     528     474
              527

          name 0
             8047    3988     501    1525     505     476
              552    1456     525     478     552    1452
              527     479     527     475     527     477
              526    3988     500     502     527     476
              527     478     501     502     502     503
              498     504     552     451     526     476
              502

          name phi
             8073    3960     526    1481     500     503
              502    1503     526     478     526    1480
              527     479     524     478     525     478
              524    3988     501     506     524    1479
              528     476     525    1481     526     477
              527     478     524     478     526     477
              525

          name reset
             8051    3964     523    1481     549     454
              524    1480     525     479     526    1482
              515     486     501     505     549     453
              499    4016     551    1454     501    1507
              524    1481     524     480     525    1481
              525    1481     502     503     524     478
              524

          name pause
             8073    3959     530    1478     529     474
              529    1478     527     476     526    1480
              551     454     526     477     526     475
              529    3986     527    1460     547     476
              527     475     502     480     522    1507
              527     475     527     475     528     457
              545

          name rew
             8100    3934     527    1480     528     476
              501    1504     526     476     530    1458
              547     476     552     450     554     451
              524    3991     527     476     563     438
              527     476     527     476     527    1482
              526     475     526     478     502     502
              524

          name play
             8053    3959     527    1481     550     453
              527    1477     527     476     502    1506
              527     476     527     476     526     475
              502    4016     527     475     527    1478
              527    1481     550    1456     501     502
              525     482     521     478     527     476
              527

          name fwd
             8074    3936     552    1478     526     476
              529    1478     528     475     527    1479
              529     476     526     476     502     500
              530    3965     547    1460     547    1459
              547    1460     573    1453     501     502
              529     474     554     451     501     479
              577

          name stop
             8024    3987     526    1481     526     478
              501    1505     525     476     527    1481
              525     478     501     501     528     476
              525    3988     527    1481     524     478
              527    1479     501    1506     527     515
              461     502     552     454     524     478
              552

          name dot
             8051    3984     552    1454     501     501
              527    1480     528     475     527    1465
              543     476     527     455     547     476
              527    3988     526     476     555    1452
              527     455     573     451     529    1479
              552     450     527     455     547     477
              529

          name eject
             8053    3961     499    1506     524     504
              501    1483     550     452     523    1484
              525     478     524     477     525     481
              522    3990     527    1480     525     480
              522     481     523     480     524     479
              499    1508     524     478     526     478
              524

          name sp_lp
             8101    3933     527    1481     524     478
              552    1453     528     478     524    1484
              524     476     526     476     502     503
              524    3991     552    1453     527    1480
              575     429     526    1478     526    1482
              526     477     527     475     527     479
              499

          name next
             8052    3961     524    1482     499     529
              499    1484     521     484     522    1506
              472     507     497     505     525     481
              496    4018     547    1461     520    1508
              471     508     523     503     474    1508
              550     479     474     506     523     508
              492

          name pr+
             8070    3962     524    1482     500     503
              500    1509     524     478     550    1456
              525     478     500     504     525     477
              528    3988     524    1483     549    1456
              525    1483     525     475     526    1482
              499     503     499     504     501     504
              524

          name menu
             8099    3934     524    1484     526     476
              527    1478     528     478     526    1478
              527     476     527     478     527     476
              552    3962     499     504     527    1481
              525     476     500     504     524     478
              501    1507     526     477     526     476
              527

          name pal_sec
             8076    3958     530    1455     548     457
              573    1433     547     455     551    1495
              538     448     526     471     532     454
              551    3963     550    1480     551    1433
              549    1479     527    1479     526    1481
              527     456     546     457     550     452
              547

          name left
             8051    3961     526    1481     527     475
              524    1481     527     476     499    1509
              524     478     552     451     552     453
              524    3988     526    1482     526     476
              528     477     525     478     524    1481
              552    1455     525     478     499     504
              527

          name OK
             8053    3961     524    1481     524     479
              524    1485     522     481     522    1484
              550     452     524     481     498     505
              524    3987     524    1485     524     480
              522     479     552    1458     547     455
              522    1483     564     439     498     507
              522

          name right
             8051    3962     526    1481     552     450
              527    1479     552     453     500    1505
              527     478     524     479     524     478
              527    3988     524    1481     527     475
              528    1481     526     476     525    1482
              526    1479     528     476     526     480
              523

          name index-
             8072    3960     499    1508     525     480
              524    1480     527     478     524    1481
              527     475     526     479     525     478
              526    3989     523    1481     502    1506
              550    1456     501    1503     530    1479
              526    1481     524     478     501     501
              502

          name index+
             8050    3976     510    1483     500     504
              524    1484     525     480     521    1483
              522     478     553     453     524     478
              525    3990     524    1483     523    1483
              522     480     524     481     525    1480
              525    1481     524     480     499     504
              524

          name pr-
             8073    3962     501    1505     552     451
              527    1479     528     475     501    1504
              527     479     526     476     502     501
              526    3968     547     477     528     473
              555     448     529    1479     526    1479
              552     453     526     498     505     476
              527

          name a_sel
             8075    3960     526    1479     527     478
              527    1479     526     476     528    1458
              549     475     529     473     556     451
              552    3938     550     476     552    1454
              529     474     529    1478     526    1479
              527     457     545     478     528     476
              527

      end raw_codes

end remote
