#
# this config file was automatically generated
# using lirc-WinLIRC 0.6.1pre2 (LIRC 0.6.1pre2) on Mon Mar 27 18:50:10 2006
#
# contributed by 
#
# brand:             Daewoo
# model:             R-40A06
# supported devices: 14C3 (TV-Set)
#

begin remote

  name   R-40A06
  eps            25
  aeps          100

  ptrail          0
  repeat     0     0
  gap    21909


      begin raw_codes

          name Next
             8088    3834     586     387     586     391
              588    1385     586     392     585    1384
              585     389     587     385     586     385
              586    3895     582    1387     583    1388
              585     383     586     383     586    1385
              582     384     584     385     585     386
              587

          name Prev
             8089    3839     581     387     586     380
              589    1380     586     391     586    1385
              584     387     585     387     588     378
              588    3882     582     391     587     391
              582    1386     584     383     588    1381
              586     384     588     378     589     376
              589

          name Up
             8069    3850     578     396     584     392
              589    1379     586     384     589    1382
              584     389     585     387     586     386
              587    3896     582    1389     584    1393
              585    1379     587     386     590    1378
              587     382     585     381     588     380
              590

          name down
             8092    3833     578     384     585     386
              587    1385     585     384     586    1391
              576     389     585     385     586     383
              585    3888     582     385     585     378
              587     380     588    1383     589    1380
              585     390     587     379     586     381
              590

          name center
             8090    3833     584     382     585     386
              586    1386     581     390     584    1390
              586     383     584     382     587     378
              584    3888     583     395     587    1377
              583     386     587     386     586     386
              586    1387     587     385     587     382
              588

          name sleep
             8083    3838     573     400     583     399
              582    1395     574     400     580    1399
              571     404     576     398     578     400
              581    3902     559    1404     570     399
              583    1398     568    1404     568     402
              584     397     585     395     584     398
              586

          name mute
             8081    3842     578     394     587     388
              589    1385     580     400     585    1389
              579     401     588     391     584     399
              586    3896     578     401     588    1390
              582     396     586     397     587    1397
              582     395     587     392     584     398
              585

          name recall
             8049    3882     503     458     527     452
              531    1448     506     459     530    1451
              507     457     527     450     532     450
              532    3952     501    1463     507     458
              522     455     527     453     525    1455
              506     457     527     453     530     453
              530

          name skip
             8080    3848     567     395     582     395
              579    1396     569     400     585    1388
              572     394     582     392     579     397
              578    3899     566     401     580    1391
              570     396     578     392     580    1394
              570    1400     573     395     579     393
              580

          name move
             8078    3854     576     394     583     396
              585    1391     584     401     586    1399
              583     395     585     398     584     391
              587    3891     577    1399     580    1398
              578     393     580     397     579    1396
              577    1392     579     396     582     390
              584

          name X
             8066    3852     580     397     585     393
              585    1402     585     400     581    1399
              582     398     582     399     577     398
              578    3899     582     396     587     397
              585     401     586    1386     584     403
              582     401     581    1401     583     401
              585

          name delete
             8073    3844     583     394     586     388
              588    1387     585     385     587    1394
              583     391     585     400     585     393
              588    3891     584     386     588     391
              586    1397     584     392     587    1387
              587    1390     585     386     588     384
              588

          name mode
             8075    3845     580     394     585     390
              587    1388     584     392     586    1394
              580     390     588     386     583     393
              581    3891     588    1379     584     397
              585    1398     584     388     589    1390
              585    1394     581     397     587     382
              585

          name ---
             8076    3855     572     398     574     401
              577    1399     573     397     574    1400
              571     398     570     399     568     401
              569    3898     577    1402     574     402
              572    1402     579     402     577     401
              579    1404     573     401     574     401
              573

          name off
             8070    3854     576     399     583     392
              587    1390     579     397     583    1392
              584     396     587     397     585     399
              576    3900     580    1397     580     399
              584    1398     575     403     580    1397
              583     399     580     401     579     398
              580

          name 1
             8077    3848     569     399     578     396
              575    1401     572     403     573    1404
              572     402     579     403     570     404
              572    3905     564    1403     566     404
              574     401     576     403     567     401
              578     399     564     402     574     402
              571

          name 2
             8063    3861     565     401     569     404
              565    1403     569     403     571    1405
              563     401     574     403     569     403
              571    3902     568     403     570    1406
              565     400     563     403     570     401
              566     403     565     403     569     403
              569

          name 3
             8073    3854     564     404     573     404
              563    1406     563     402     564    1412
              556     407     562     404     567     403
              562    3906     564    1402     563    1404
              561     403     566     404     568     401
              569     401     571     403     565     404
              570

          name 4
             8069    3855     569     404     574     407
              574    1406     573     404     570    1403
              576     403     578     405     578     403
              573    3906     564     404     580     398
              581    1404     577     402     571     405
              577     406     578     403     568     404
              574

          name 5
             8080    3853     572     399     575     401
              577    1401     574     401     586    1395
              578     403     574     400     575     402
              585    3898     579    1395     585     394
              578    1401     573     398     588     394
              588     398     581     399     579     400
              585

          name 6
             8075    3854     573     402     581     402
              571    1402     578     397     584    1395
              574     398     579     398     581     398
              581    3898     576     397     582    1401
              575    1401     579     402     580     399
              587     399     580     397     580     401
              578

          name 7
             8069    3861     567     398     571     401
              576    1405     563     404     563    1404
              569     405     579     402     572     405
              566    3902     569    1400     574    1399
              565    1403     564     402     562     404
              566     402     569     402     580     400
              571

          name 8
             8066    3859     570     403     578     397
              583    1394     579     399     577    1402
              576     402     582     400     582     398
              580    3900     568     403     571     402
              573     401     579    1391     578     399
              579     403     580     401     571     403
              580

          name 9
             8065    3848     572     402     582     402
              581    1404     577     397     584    1396
              579     401     577     402     579     400
              584    3895     578    1399     585     394
              583     402     585    1394     581     396
              586     391     585     397     584     402
              580

          name 0
             8054    3866     543     420     544     425
              544    1424     544     426     545    1420
              538     429     538     425     544     425
              540    3927     543     421     544     426
              544     425     541     427     535     425
              538     427     541     423     537     425
              545

          name AV
             8077    3849     536     427     558     423
              561    1422     539     431     558    1414
              540     426     559     421     561     417
              562    3921     537     430     553    1419
              541    1429     535     428     558    1420
              541     425     563     417     559     409
              558

          name Normal--Ok
             8062    3853     568     396     571     398
              569    1405     564     401     571    1403
              567     400     573     402     567     404
              576    3899     563    1401     568    1401
              568    1402     566     402     572     401
              574    1401     570     398     572     401
              576

      end raw_codes

end remote
