#
# this config file was automatically generated
# using lirc-0.6.4-CVS(serial) on Mon Jul  9 08:14:04 2001
#
# contributed by Steve Davies <steve@daviesfam.org>
# modified by Steve Hill <steve@nexusuk.org> 2003/06/29
# modified by Psyke 2006/09/17
#
# brand:                       Pace (Foxtel Digital)
# model no. of remote control: URC 1633B00-00 3RC16C-1005
# supported devices:           Pace DC420NF/DC420N0 (aka Foxtel Digital Cable STB, Australia)
#
#

begin remote

  name          Foxtel_Digital_Cable_STB
  flags         CONST_LENGTH|RAW_CODES
  eps           30
  aeps          100
  ptrail        0
  repeat        0     0
  gap           149692
  frequency     36000
  duty_cycle    50

  begin raw_codes

    name 0
      2664 888 444 444 444 444 444 888 444 888 888 444 444 444 444 444
      444 444 444 444 444 444 444 444 444 444 444 444 444 444 444 444
      444 444 444 444 444 444 444 444 444 444 444 444 444 444 444 444
      444 444 444

    name 1
      2664 888 444 444 444 444 444 888 444 888 888 444 444 444 444 444
      444 444 444 444 444 444 444 444 444 444 444 444 444 444 444 444
      444 444 444 444 444 444 444 444 444 444 444 444 444 444 444 444
      888

    name 2
      2664 888 444 444 444 444 444 888 444 888 888 444 444 444 444 444
      444 444 444 444 444 444 444 444 444 444 444 444 444 444 444 444
      444 444 444 444 444 444 444 444 444 444 444 444 444 444 888 888
      444

    name 3
      2664 888 444 444 444 444 444 888 444 888 888 444 444 444 444 444
      444 444 444 444 444 444 444 444 444 444 444 444 444 444 444 444
      444 444 444 444 444 444 444 444 444 444 444 444 444 444 888 444
      444

    name 4
      2664 888 444 444 444 444 444 888 444 888 888 444 444 444 444 444
      444 444 444 444 444 444 444 444 444 444 444 444 444 444 444 444
      444 444 444 444 444 444 444 444 444 444 444 444 888 888 444 444
      444

    name 5
      2664 888 444 444 444 444 444 888 444 888 888 444 444 444 444 444
      444 444 444 444 444 444 444 444 444 444 444 444 444 444 444 444
      444 444 444 444 444 444 444 444 444 444 444 444 888 888 888

    name 6
      2664 888 444 444 444 444 444 888 444 888 888 444 444 444 444 444
      444 444 444 444 444 444 444 444 444 444 444 444 444 444 444 444
      444 444 444 444 444 444 444 444 444 444 444 444 888 444 444 888
      444

    name 7
      2664 888 444 444 444 444 444 888 444 888 888 444 444 444 444 444
      444 444 444 444 444 444 444 444 444 444 444 444 444 444 444 444
      444 444 444 444 444 444 444 444 444 444 444 444 888 444 444 444
      444

    name 8
      2664 888 444 444 444 444 444 888 444 888 888 444 444 444 444 444
      444 444 444 444 444 444 444 444 444 444 444 444 444 444 444 444
      444 444 444 444 444 444 444 444 444 444 888 888 444 444 444 444
      444

    name 9
      2664 888 444 444 444 444 444 888 444 888 888 444 444 444 444 444
      444 444 444 444 444 444 444 444 444 444 444 444 444 444 444 444
      444 444 444 444 444 444 444 444 444 444 888 888 444 444 888

    name red
      2664 888 444 444 444 444 444 888 444 888 888 444 444 444 444 444
      444 444 444 444 444 444 444 444 444 444 444 444 444 444 444 444
      444 444 444 444 888 444 444 888 888 444 444 888 888

    name green
      2664 888 444 444 444 444 444 888 444 888 888 444 444 444 444 444
      444 444 444 444 444 444 444 444 444 444 444 444 444 444 444 444
      444 444 444 444 888 444 444 888 888 444 444 444 444 888 444

    name yellow
      2664 888 444 444 444 444 444 888 444 888 888 444 444 444 444 444
      444 444 444 444 444 444 444 444 444 444 444 444 444 444 444 444
      444 444 444 444 888 444 444 888 888 444 444 444 444 444 444

    name blue
      2664 888 444 444 444 444 444 888 444 888 888 444 444 444 444 444
      444 444 444 444 444 444 444 444 444 444 444 444 444 444 444 444
      444 444 444 444 888 444 444 444 444 888 444 444 444 444 444 444
      444

    name setup
      2664 888 444 444 444 444 444 888 444 888 888 444 444 444 444 444
      444 444 444 444 444 444 444 444 444 444 444 444 444 444 444 444
      444 444 444 444 444 444 888 444 444 444 444 444 444 888 444 444
      444

    name back
      2664 888 444 444 444 444 444 888 444 888 888 444 444 444 444 444
      444 444 444 444 444 444 444 444 444 444 444 444 444 444 444 444
      444 444 888 888 444 444 444 444 444 444 444 444 888 444 444

    name help
      2664 888 444 444 444 444 444 888 444 888 888 444 444 444 444 444
      444 444 444 444 444 444 444 444 444 444 444 444 444 444 444 444
      444 444 888 888 444 444 444 444 444 444 444 444 444 444 888

    name left
      2664 888 444 444 444 444 444 888 444 888 888 444 444 444 444 444
      444 444 444 444 444 444 444 444 444 444 444 444 444 444 444 444
      444 444 444 444 888 888 888 444 444 888 888 888 444

    name down
      2664 888 444 444 444 444 444 888 444 888 888 444 444 444 444 444
      444 444 444 444 444 444 444 444 444 444 444 444 444 444 444 444
      444 444 444 444 888 888 888 444 444 888 444 444 888

    name right
      2664 888 444 444 444 444 444 888 444 888 888 444 444 444 444 444
      444 444 444 444 444 444 444 444 444 444 444 444 444 444 444 444
      444 444 444 444 888 888 888 444 444 888 888 444 444

    name up
      2664 888 444 444 444 444 444 888 444 888 888 444 444 444 444 444
      444 444 444 444 444 444 444 444 444 444 444 444 444 444 444 444
      444 444 444 444 888 888 888 444 444 888 444 444 444 444 444

    name select
      2664 888 444 444 444 444 444 888 444 888 888 444 444 444 444 444
      444 444 444 444 444 444 444 444 444 444 444 444 444 444 444 444
      444 444 444 444 888 888 888 444 444 444 444 888 444 444 444

    name ch-down
      2664 888 444 444 444 444 444 888 444 888 888 444 444 444 444 444
      444 444 444 444 444 444 444 444 444 444 444 444 444 444 444 444
      444 444 444 444 444 444 888 888 444 444 444 444 444 444 888

    name ch-up
      2664 888 444 444 444 444 444 888 444 888 888 444 444 444 444 444
      444 444 444 444 444 444 444 444 444 444 444 444 444 444 444 444
      444 444 444 444 444 444 888 888 444 444 444 444 444 444 444 444
      444

    name i
      2664 888 444 444 444 444 444 888 444 888 888 444 444 444 444 444
      444 444 444 444 444 444 444 444 444 444 444 444 444 444 444 444
      444 444 888 444 444 888 444 444 888 888 888 444 444

    name power
      2664 888 444 444 444 444 444 888 444 888 888 444 444 444 444 444
      444 444 444 444 444 444 444 444 444 444 444 444 444 444 444 444
      444 444 444 444 444 444 444 444 444 444 888 444 444 888 444 444
      444

    name av
      2664 888 444 444 444 444 444 888 444 888 888 444 444 444 444 444
      444 444 444 444 444 444 444 444 444 444 444 444 444 444 444 444
      444 444 888 888 444 444 444 444 444 444 888 888 444 444 444

    name foxtel
      2664 888 444 444 444 444 444 888 444 888 888 444 444 444 444 444
      444 444 444 444 444 444 444 444 444 444 444 444 444 444 444 444
      444 444 888 888 444 444 444 444 444 444 444 444 444 444 444 444
      444

    name tvguide
      2664 888 444 444 444 444 444 888 444 888 888 444 444 444 444 444
      444 444 444 444 444 444 444 444 444 444 444 444 444 444 444 444
      444 444 888 444 444 888 444 444 888 444 444 888 444 444 444

    name boxoffice
      2664 888 444 444 444 444 444 888 444 888 888 444 444 444 444 444
      444 444 444 444 444 444 444 444 444 444 444 444 444 444 444 444
      444 444 444 444 888 444 444 444 444 444 444 444 444 888 888

    name active
      2664 888 444 444 444 444 444 888 444 888 888 444 444 444 444 444
      444 444 444 444 444 444 444 444 444 444 444 444 444 444 444 444
      444 444 444 444 888 444 444 444 444 444 444 444 444 444 444 888
      444

    name planner
      2664 888 444 444 444 444 444 888 444 888 888 444 444 444 444 444
      444 444 444 444 444 444 444 444 444 444 444 444 444 444 444 444
      444 444 888 444 444 444 444 444 444 888 888 888 888

  end raw_codes

end remote
