#
# this config file was automatically generated
# using lirc-0.8.3(audio_alsa) on Mon Aug 10 22:49:04 2009
#
# contributed by Nagy Attila
#
# This file contains only the basic keys
# IR signals are very similar to the DS420, so if some keys are
# missing for you. please try that config
#
# brand:                       Pace
# model no. of remote control: (?) 3RC32B-1161
# devices being controlled by this remote: DC-621-KU (UPC Media Box)
#

begin remote

  name   Pace_DC621
  flags RAW_CODES
  eps            30
  aeps          100

  ptrail          0
  repeat     0     0
  gap          90250
  min_repeat 1
  repeat_gap  90250

      begin raw_codes

          name 1
              510     162     280     160     282     543
              208     210     249     178     275     709
              207     209     250     177     273     163
              280     163     281     541     208     403
              206     567     207     214     247     179
              272     164     279     377     207

          name 2
              510     162     280     160     282     543
              206     215     248     178     272     707
              208     211     249     178     275     161
              280     546     204     569     207     404
              207     566     207     214     246     180
              272     164     277     546     205

          name 3
              511     164     280     160     281     546
              204     216     248     178     271     708
              207     214     245     181     272     164
              276     163     281     543     206     404
              208     568     203     216     248     178
              271     165     280     708     208

          name 4
              510     164     280     160     281     546
              204     214     249     177     272     708
              207     214     246     180     273     163
              278     546     206     566     207     404
              208     566     205     215     248     178
              272     376     206     215     246

          name 5
              510     163     281     159     281     546
              203     215     249     177     271     708
              208     213     250     177     273     164
              278     162     281     543     206     404
              208     569     203     215     249     177
              272     378     205     404     208

          name 6
              510     163     279     163     280     544
              206     212     249     178     272     709
              206     213     248     179     272     164
              279     543     207     569     203     404
              208     569     203     214     249     177
              271     380     202     571     207

          name 7
              509     160     281     164     281     541
              208     210     249     179     273     709
              207     209     250     176     275     161
              281     544     206     570     208     402
              203     570     208     211     248     179
              274     376     208     733     205

          name 8
              509     164     280     159     281     545
              205     214     250     176     272     709
              207     213     247     180     272     164
              278     162     280     544     206     403
              208     568     205     213     250     176
              272     544     206     212     249

          name 9
              510     162     281     162     280     543
              207     211     250     176     272     711
              205     213     250     177     272     165
              280     542     208     569     203     403
              208     570     205     212     249     177
              272     546     204     403     208

          name 0
              510     160     281     162     281     541
              208     214     247     180     273     707
              208     209     250     177     276     160
              280     164     281     541     208     404
              207     566     207     215     245     181
              272     164     277     163     280

      end raw_codes

end remote
