
# Please make this file available to others
# by sending it to <lirc@bartelmus.de>
#
# this config file was automatically generated
# using lirc-0.8.3-CVS(default) on Thu Apr 17 16:53:49 2008
#
# contributed by 
#
# brand:                       Hauppauge
# model no. of remote control: DSR-0095
# devices being controlled by this remote: HVR-950
#

begin remote

  name   Hauppauge_DSR-0095
  flags RAW_CODES|CONST_LENGTH
  eps            30
  aeps          100

  ptrail          0
  repeat     0     0
  gap          113267

      begin raw_codes

          name home
              947     822    1828    1713     950     821
              945     826    1830    1710     944     828
              945     825     944     826    1829    1712
              944     826     945

          name choice
              937     833     934     835     938     834
              938     832     935     835    1816    1725
             1815    1727     937     832    1815    1727
              937     834     938

          name stop
              939     830    1813    1728     940     831
              930     840    1819    1722     941     830
              934     836    1820    1721     932     839
              937     833     935

          name up
              938     831     939     832     936     834
              929     842     939     831    1813    1729
             1817    1723    1821    1720    1817     839
              940

          name info
              936     834    1819    1722     938     833
              940     830    1819    1721    1819     838
              935    1721     939     831    1818    1723
              929

          name live
              935     835     931     839     931     840
              939     832     935     835    1813    1728
             1807    1733     936     835     934     836
             1809     848     932

          name pause
              938     831    1818    1722     939     832
              942     828    1817    1724     938     832
              937     834    1821     835     931     840
              942     828     936

          name left
              932     839     938     832     940     830
              931     839     937     833    1815    1727
             1821    1719    1813    1728     941     829
             1817

          name ok
              933     836    1820    1720     940     831
              937     834    1818    1724     945     825
             1818     838     938    1715    1819    1723
              939

          name right
              936     834     938     833     941     830
              936     834     932     838    1823    1717
             1823    1718    1815    1726     940     831
              932     839     937

          name undo
              939     830    1825    1717     938     831
              933     839    1818    1722     935     835
             1818     838     937    1718    1821     836
              943

          name play
              937     833     936     834     937     835
              938     830     944     826    1822    1699
              952     840     937     833    1813    1728
             1817    1723     941

          name redo
              936     834    1817    1723     938     833
              937     833    1816    1725    1824    1718
              934     836     938     833     936     834
             1817

          name down
              928     842     939     831     942     830
              935     835     939     831    1817    1724
             1816    1725    1818    1723    1819    1722
              942

          name chanup
              939     831    1811    1729     939     832
              933     839    1822    1718     941     830
             1818     838     937     833     941     829
              935     836     939

          name rewind
              934     836     940     831     938     833
              938     832     939     831    1817    1725
              935     834     937     834    1814     841
              938    1719    1821

          name stop
              934     836    1815    1726     935     836
              940     830    1821    1719     939     832
              935     836    1822    1719     931     839
             1824

          name forward
              938     831     941     830     943     827
              936     835     936     834    1820    1721
              938     832     938     834    1829    1710
             1818     838     939

          name exit
              943     827    1819    1722     928     843
              939     830    1817    1725    1815    1725
              940     831     942     829     936     834
              938     832     934

          name chandown
              938     832     944     826     939     832
              942     829     938     832    1825    1716
              938     832    1820     835     944     827
              942     829     941    1715     937

          name 1
              940     829    1826    1714     932     839
              945     825    1807    1735    1824     832
              944     827     940     830     930     841
              943    1712     928

          name 2
              953     816     960     813     955     814
              959     812     958     812    1845    1696
             1836     820     957     813     955     817
              957    1705    1830

          name 3
              944     828    1835    1683     968     825
              952     818    1832    1709    1828     829
              943     827     948     823     943    1713
              945     825     944

          name enter
              946     824    1820    1722     938     832
              934     837    1821    1719     936     835
             1817     839     941    1715    1819    1721
              941

          name jump
              941     829     938     833     930     841
              939     831     939     832    1821    1722
             1813    1724    1811     846     942    1713
             1824

          name 4
              938     833    1816    1726     932     838
              943     828    1817    1724    1819     837
              938     832     938    1718    1818     838
              941

          name 5
              945     825     941     831     939     831
              940     830     941     830    1818    1725
             1826     829     939     832     939    1716
             1815    1727     941

          name 6
              939     831    1824    1718     942     828
              941     830    1821    1720    1816     841
              943     827     936    1721     944     826
             1824

          name dotcc
              940     830     934     836     943     827
              944     828     942     828    1827    1713
             1819     837     934    1722     939     831
              939     832    1822

          name vol+
              938     832    1821    1720     933     837
              937     832    1822    1721    1811    1730
             1823     833     939     831     941     808
              953

          name 7
              937     833     935     836     943     827
              942     829     938     832    1824    1718
             1822     834     927     844     937    1718
              935     835     943     828     936

          name 8
              942     828    1814    1705     964     830
              940     830    1821    1720    1821     835
              929    1727    1823     834     936     835
              940

          name 9
              939     831     936     833     939     832
              944     827     934     837    1824    1716
             1819     838     931    1725    1820     837
              939    1715     942

          name 0
              937     834    1818    1722     928     843
              933     837    1809    1733    1817     839
              929     841     940     832     931     839
              931     839     935

          name vol-
              938     833     936     835     931     839
              933     837     924     847    1814    1726
             1813    1728    1818     840     934     835
              932    1724     940

      end raw_codes

end remote
