#
# this config file was automatically generated
# using lirc-0.6.3pre3 on Sat Jun 23 04:44:16 2001
#
# contributed by 
#
# brand:             Ruwido
# model:             Cyberclick
# supported devices: 
#

begin remote

  name   Ruwido
  flags CONST_LENGTH|RAW_CODES
  eps            30
  aeps          100

  ptrail        348
  repeat     0     0
  gap    61413

      begin raw_codes

          name POWER
              343    1632     418     776     344     423
              738     795     346     420     347     419
              345     421     345     422     345     422
              360     406     347     420     345     421
              346     420     734     407     344

          name TV
              416    1560     418     777     344     422
              740     793     346     420     345     422
              345     421     346     421     359     407
              347     419     738     403     419     347
              419     348     345     813     345

          name VCR
              184    1793     253     976      39     799
               39    1387      39    1530      39     727
               39     709     113    1492      39    1049
              164     566      39     728      39     744
               39

          name SAT
              344    1633     431     762     347     421
              738     794     360     407     346     420
              346     421     344     422     344     422
              737     796     344     422     348     419
              347     419     347     419     345

          name CD
              357    1619     433     761     346     420
              752     780     345     423     344     421
              348     420     345     420     347     420
              737     795     351     416     737     795
              739

          name TAPE
              342    1633     431     765     359     406
              737     796     344     423     344     422
              360     406     347     419     347     420
              736     797     344     422     737     405
              345     812     347

          name TUNER
              342    1633     432     762     346     421
              736     798     345     420     344     422
              345     421     346     421     348     418
              737     796     347     420     734     799
              344     422     360

          name VOL+
              342    1634     430     764     346     420
              738     794     345     422     344     422
              361     406     346     420     347     419
              346     421     344     423     735     797
              345     437     331     420     347

          name VOL-
              416    1560     418     776     345     423
              738     793     347     420     344     422
              344     423     344     423     361     405
              346     420     346     420     737     796
              345     421     753

          name TEXT
              342    1634     434     760     346     421
              736     796     345     421     345     422
              360     406     348     420     345     420
              737     796     734     801     358     408
              737

          name NOTEXT
              414    1561     360     834     345     421
              789     745     358     410     343     421
              345     421     345     422     365     402
              717     815     770     762     361     406
              345     422     344

          name PLAY/PAUSE
              414    1560     418     777     343     423
              739     794     346     421     344     422
              344     423     344     422     359     407
              737     404     418     741     735     407
              357     407     359

          name STOP
              343    1635     433     761     359     406
              740     793     345     422     344     422
              360     406     347     421     345     420
              755     386     418     741     740     794
              751

          name FORWARD
              343    1634     432     762     346     421
              736     797     346     420     344     422
              345     422     359     408     346     419
              737     404     418     741     344     422
              736     405     359

          name REWIND
              357    1619     431     763     347     420
              734     798     345     422     360     406
              347     419     347     420     347     419
              735     406     360     798     345     422
              739     793     347

          name 1
              415    1562     433     760     344     422
              740     794     346     420     347     419
              345     422     344     423     343     423
              344     422     347     419     738     796
              736     796     344

          name 2
              344    1635     415     775     345     422
              737     796     360     406     347     420
              346     420     345     421     345     422
              345     421     345     421     739     794
              737     404     417

          name 3
              345    1632     434     760     344     422
              735     798     360     407     346     420
              347     419     345     422     344     423
              345     421     360     406     739     402
              346     812     347     420     344

          name 4
              358    1618     432     761     346     420
              753     780     345     422     359     410
              344     419     347     420     345     422
              343     422     345     422     752     389
              360     799     738

          name 5
              416    1560     418     775     345     423
              738     795     346     420     346     420
              346     421     344     422     344     425
              357     407     360     406     737     404
              418     348     418     741     344

          name 6
              344    1631     432     763     347     419
              735     798     345     422     360     406
              347     419     347     421     342     423
              344     422     345     422     754     387
              346     420     346     420     345

          name 7
              343    1634     432     760     347     419
              738     796     344     422     348     420
              345     420     345     422     344     421
              345     423     736     797     345     420
              347     420     344     423     343

          name 8
              345    1632     431     763     360     406
              738     796     359     407     360     406
              347     420     344     422     345     421
              345     422     739     794     346     421
              345     421     736

          name 9
              344    1632     417     777     345     421
              739     794     346     420     347     420
              345     421     345     422     344     422
              361     405     753     781     346     419
              737     796     360

          name 0
              356    1619     430     764     349     417
              737     799     342     422     359     407
              347     420     345     420     346     420
              345     422     734     798     345     422
              739     402     346

          name 1x
              344    1632     431     763     345     421
              734     799     346     421     346     420
              347     419     360     407     344     422
              345     422     739     793     755     778
              347     420     344

          name 2x
              416    1562     430     764     343     423
              739     793     360     407     349     417
              360     406     345     423     344     421
              346     422     751     781     752     780
              735

          name MENU
              345    1631     431     764     346     419
              345     421     753     781     346     420
              347     420     345     422     344     422
              344     423     343     423     360     406
              347     420     346     420     346     420
              346     421     345     421     344     424
              343

          name OK
              343    1633     432     766     357     407
              346     420     347     419     737     796
              345     422     361     405     347     420
              346     420     345     421     344     422
              345     422     344     423     359     408
              358     408     346     419     347     420
              346

          name MUTE
              344    1634     433     760     360     407
              346     419     345     422     344     422
              752     781     360     408     345     420
              346     420     345     421     345     422
              344     422     360     407     360     406
              347     420     347     421     345     419
              345

          name UP
              414    1560     418     776     344     423
              359     407     347     420     346     420
              344     423     344     422     361     405
              360     406     347     420     346     420
              347     420     734     798     345     422
              345     421     361     406     737

          name DOWN
              418    1559     417     776     345     423
              359     406     347     420     347     419
              344     423     345     421     345     422
              360     405     361     406     348     419
              343     423     344     422     344     422
              345     422     360     407     346     420
              736

          name LEFT
              340    1634     431     764     347     419
              360     406     346     420     345     422
              360     408     735     796     346     420
              347     419     345     422     737     404
              359     799     347     420     347     419
              344     422     344     423     344

          name RIGHT
              416    1560     418     775     345     422
              360     406     348     419     347     419
              344     422     346     421     360     407
              360     406     346     420     736     404
              419     348     418     741     344     423
              359     407     360     407     346     420
              346

      end raw_codes

end remote

