#
# this config file was automatically generated
# using lirc-0.6.6(any) on Sun Apr 18 10:23:34 2004
#
# contributed by 
#
# brand:                       Ruwido
# model no. of remote control: Easytip 2
# devices being controlled by this remote:
#

begin remote

  name  Ruwido_Easytip_2
  flags CONST_LENGTH|RAW_CODES
  eps            30
  aeps          100

  ptrail          0
  repeat     0     0
  gap    108575

      begin raw_codes

          name 0
             9080    4493     607     526     609    1659
              608    1659     608     524     609     526
              608     526     611     523     608    1658
              608     527     607     525     608    1659
              609    1658     608    1660     607    1658
              609    1661     607     525     609     527
              606     526     608     526     608     527
              607    1657     609     527     609     526
              606     526     608    1659     608    1659
              609    1659     608    1659     607     527
              607    1663     605    1659     608    1661
              606

          name 1
             9164    4408     663     471     664    1627
              643    1603     662     470     664     473
              662     469     664     470     664    1602
              664     469     664     471     664    1601
              664    1605     665    1601     665    1604
              663    1604     665     470     663    1603
              664     471     662     471     664     469
              665    1603     663     470     664     470
              664     470     664     471     662    1603
              664    1605     662    1601     666     471
              689    1577     689    1578     664    1628
              665

          name 2
             9136    4437     662     470     664    1603
              664    1605     662     470     665     468
              665     468     665     471     663    1602
              690     444     665     470     664    1602
              664    1603     665    1603     664    1602
              664    1605     663     470     664     470
              664    1606     662     469     664     470
              664    1603     663     471     663     470
              665     469     689    1576     665     470
              664    1605     662    1603     663     470
              665    1604     665    1602     664    1606
              663

          name 3
             9161    4410     689     445     664    1604
              664    1605     663     469     664     471
              663     470     689     445     689    1577
              688     446     689     445     664    1603
              688    1579     664    1604     663    1605
              662    1604     663     470     666    1603
              663    1604     662     470     664     470
              664    1604     663     470     664     469
              690     445     664     469     664     471
              663    1604     663    1602     664     471
              664    1601     665    1605     665    1603
              663

          name 4
             9137    4437     662     470     665    1601
              664    1605     663     469     664     470
              689     446     664     471     661    1605
              662     471     664     469     665    1603
              664    1602     665    1627     666    1576
              664    1605     663     471     665     468
              690     444     664    1602     665     470
              664    1605     687     444     665     470
              664     470     663    1604     663    1603
              665     469     692    1575     664     470
              664    1605     662    1604     663    1603
              664

          name 5
             9162    4415     683     445     666    1601
              664    1602     666     470     664     470
              664     470     664     470     664    1602
              664     472     662     470     665    1602
              664    1604     663    1604     665    1602
              663    1602     666     470     664    1604
              663     469     664    1603     664     471
              663    1603     689     446     688     446
              664     469     690     451     657    1602
              664     471     664    1603     663     470
              664    1602     664    1603     670    1598
              664

          name 6
             9155    4411     664     470     664    1602
              665    1602     664     471     663     473
              663     469     664     471     688    1577
              689     446     688     445     664    1627
              641    1602     664    1629     638    1604
              663    1604     664     470     664     470
              665    1601     664    1604     665     469
              663    1604     663     470     665     471
              662     471     664    1601     666     470
              663     470     664    1603     689     446
              688    1576     666    1603     663    1611
              682

          name 7
             9135    4434     666     470     663    1603
              664    1604     663     470     664     471
              664     472     662     470     663    1603
              664     469     664     470     664    1604
              662    1604     665    1601     665    1606
              662    1602     665     470     665    1601
              665    1605     662    1604     663     472
              662    1605     662     470     664     471
              665     469     664     469     663     471
              664     470     664    1600     665     471
              664    1603     663    1604     665    1602
              664

          name 8
             9135    4436     663     470     664    1627
              641    1602     665     470     689     447
              661     470     665     471     687    1578
              663     470     664     472     663    1601
              665    1604     665    1601     665    1602
              690    1580     664     471     688     444
              664     470     664     471     663    1601
              665    1604     663     470     690     444
              665     470     663    1601     665    1604
              663    1604     664     469     690     445
              664    1603     664    1603     664    1604
              664

          name 9
             9159    4413     662     472     663    1603
              663    1602     665     471     663     471
              688     447     662     471     663    1604
              664     471     662     471     663    1605
              662    1628     664    1580     688    1577
              664    1629     640     469     663    1605
              664     470     662     471     663    1605
              663    1602     691     444     665     470
              662     472     662     472     663    1605
              663    1604     660     471     690     448
              661    1603     665    1601     689    1580
              662

          name Ok
             9160    4436     639     470     664    1606
              661    1627     641     470     665     472
              661     470     665     469     663    1602
              666     470     663     470     664    1626
              641    1602     665    1628     640    1602
              664    1628     639     470     665     470
              664    1603     689     444     664    1604
              663     470     664     470     665     471
              663     469     664    1601     666     469
              664    1602     665     472     663    1603
              689    1578     664    1601     691    1580
              662

          name Back
             9132    4440     660     473     662    1606
              661    1605     663     472     661     475
              686     446     661     474     660    1606
              686     448     661     473     660    1629
              663    1582     660    1608     685    1579
              663    1607     660     473     662    1605
              661    1605     662     474     660    1608
              660    1604     663     472     662     472
              662     473     660     474     685     448
              661    1628     640     472     660     473
              661    1608     660    1606     662    1629
              669

          name Red
             9133    4439     662     474     660    1606
              660    1607     662     473     660     474
              659     474     662     474     659    1603
              663     473     687     448     660    1605
              663    1629     636    1608     660    1607
              660    1607     660     474     661     473
              661    1604     662     474     661     474
              660     472     661     474     685     450
              660     474     658    1605     662     474
              660    1605     661    1607     661    1606
              662    1629     637    1623     645    1606
              661

          name Green
             9135    4438     663     469     663    1605
              662    1603     665     471     663     470
              664     470     664     470     663    1605
              662     470     664     471     664    1601
              664    1603     665    1604     689    1579
              688    1577     665     470     664     470
              666     469     663    1601     665     472
              663     469     664     470     664     471
              664     469     664    1602     664    1603
              689     445     665    1604     663    1603
              664    1604     662    1603     667    1602
              663

          name Yellow
             9159    4411     688     447     663    1627
              639    1605     663     471     663     472
              662     472     663     470     663    1603
              663     471     689     445     689    1578
              664    1603     664    1604     662    1604
              663    1606     662     471     689    1578
              663    1606     662     470     664     470
              663     471     664     471     662     471
              663     471     664     470     663     469
              664    1603     663    1603     664    1605
              663    1602     665    1607     661    1636
              632

          name Blue
             9137    4435     664     470     638    1630
              638    1630     636     497     663     472
              663     471     636     497     663    1603
              664     470     663     471     662    1605
              637    1629     638    1630     639    1629
              664    1603     637     497     663     472
              663     469     664     471     664    1601
              664     471     664     470     663     471
              664     471     661    1628     640    1603
              663    1606     637     496     663    1627
              641    1604     662    1604     665    1604
              662

          name Up
             9160    4412     663     471     663    1605
              687    1580     687     447     663     470
              663     472     688     446     662    1602
              664     471     664     471     664    1625
              666    1578     663    1604     664    1605
              661    1604     690     445     663    1605
              662    1606     662    1604     663     471
              663     471     663     472     663     470
              688     447     663     470     662     471
              663     471     663    1604     662    1603
              664    1605     662    1607     686    1579
              688

          name Down
             9132    4463     637     474     661    1610
              657    1629     638     475     684     449
              660     474     660     474     661    1604
              686     448     688     448     663    1602
              661    1606     661    1607     660    1629
              639    1606     660     474     661    1608
              660     473     685     448     662     472
              661     473     662     473     659     474
              660     475     659     473     662    1605
              686    1581     660    1608     661    1628
              639    1608     659    1604     662    1607
              662

          name Menu
             9083    4491     608     525     613    1654
              608    1660     608     525     611     524
              608     524     609     525     609    1659
              610     523     610     525     608    1660
              607    1658     611    1658     608    1661
              608    1657     608     526     609     524
              610     525     608    1663     604    1659
              608     525     610     524     610     527
              606     526     607    1658     610    1657
              610     525     610     525     608    1658
              608    1660     607    1659     609    1659
              608

          name Left
              202    8477     203    5581     227    8451
              228    8450     203    8474     202    5583
              201    8474     206    8475     227    8451
              201    5583     203    5583     227

          name Right
              205    8475     177    8500     203    8475
              201    8476     204    8474     178    5607
              178    8499     178    8525     139    5621
              202    8476     202    8475     178

          name Volume+
             9137    4437     662     470     664    1604
              664    1604     662     471     664     470
              662     471     665     469     663    1605
              662     471     663     472     662    1605
              662    1607     660    1604     638    1629
              663    1607     635     497     662     471
              663     472     662     471     663     471
              662     472     665     469     664     470
              662     471     663    1604     638    1630
              662    1604     663    1604     664    1606
              661    1602     665    1607     660    1606
              661

          name Volume-
              258    8419     282    5503     258    8421
              255    8421     257    8421     257    5527
              258    5528     282    5504     281    8421
              205    5580     205    8449     256

          name Mute
             9137    4437     636     497     637    1630
              637    1629     640     497     636     498
              638     496     636     497     637    1631
              636     496     638     497     636    1630
              637    1630     640    1629     636    1630
              637    1631     637     496     638     496
              663    1607     634    1630     639     497
              636     496     663     471     664     470
              664     470     663    1604     636     497
              663     471     663    1604     664    1603
              637    1631     662    1606     637    1628
              639

      end raw_codes

end remote
