#
# this config file was automatically generated
# using lirc-0.7.0pre1(serial) on Wed Dec  4 20:28:39 2002
#
# contributed by 
#
# brand:                       Nokia-On-Digital-Mediamaster-9850T
# model no. of remote control: 
# devices being controlled by this remote:
#

begin remote

  name   Nokia-On-Digital-Mediamaster-9850T
  flags CONST_LENGTH|RAW_CODES
  eps            30
  aeps          100

  ptrail          0
  repeat     0     0
  gap    98964

      begin raw_codes

          name 1
              511     153     291     151     290     151
              289     702     226     547     222     162
              264     187     702     164     718     151
              724     377     218

          name 2
              510     154     289     151     291     148
              293     698     229     547     224     160
              287     151     723     150     724     150
              722     536     223

          name 3
              512     152     291     150     285     156
              290     702     226     547     223     161
              283     156     721     152     722     152
              709     723     223

          name 4
              510     153     290     148     276     182
              276     701     227     547     222     163
              286     145     728     152     698     194
              263     378     225     173     280

          name 5
              510     156     273     180     279     143
              296     696     232     547     220     165
              265     186     691     181     686     194
              268     371     179     440     212

          name 6
              510     153     290     151     291     151
              289     702     226     541     229     161
              277     168     716     150     700     192
              272     371     226     538     231

          name 7
              506     167     258     195     271     153
              282     702     229     550     221     165
              265     185     683     196     678     195
              269     372     185     763     221

          name 8
              508     157     287     153     287     154
              287     704     223     549     220     167
              258     197     676     199     701     154
              285     530     221     180     263

          name 9
              511     153     290     151     283     160
              287     702     227     546     223     162
              261     187     692     175     716     148
              288     529     224     392     221

          name 0
              514     150     290     155     289     160
              285     701     227     547     223     161
              287     151     703     186     708     150
              725     150     289

          name POWER
              513     152     290     151     293     149
              290     701     219     553     223     162
              287     150     717     162     719     151
              288     703     226     172     280

          name TV
              504     152     290     151     277     187
              275     703     224     548     224     160
              286     151     724     150     723     535
              222     159     281     711     229

          name MUTE
              511     153     291     151     290     151
              288     703     227     546     222     163
              285     151     719     155     724     145
              295     696     231     392     222

          name VOLUME_UP
              509     154     287     155     287     155
              261     728     223     550     219     166
              280     161     717     155     716     383
              211     168     258     196     276

          name VOLUME_DOWN
              510     155     288     153     289     153
              287     703     222     550     213     175
              282     148     725     155     720     376
              222     169     257     402     221

          name INFO
              511     147     296     150     273     178
              281     701     184     589     223     162
              263     190     708     151     718     154
              291     701     179     769     222

          name TEXT
              510     156     263     189     279     152
              287     698     181     597     220     167
              265     184     683     196     269     372
              223     550     170     437     223     725
              219

          name EXIT
              515     155     290     150     290     151
              289     702     226     547     221     165
              258     197     703     146     294     372
              226     390     220     544     195     578
              179

          name MENU
              508     154     288     154     288     153
              286     704     222     551     212     181
              252     196     703     153     285     374
              173     438     175     252     242     542
              171

          name GUIDE
              508     156     262     197     269     156
              259     730     220     552     169     255
              238     160     261     186     274     155
              260     398     221     395     175     432
              215     725     220

          name P+
              508     155     288     153     289     153
              286     704     222     551     196     208
              264     156     691     200     702     712
              197     204     267     537     166

          name P-
              509     156     288     152     289     154
              287     702     196     577     219     169
              268     177     710     154     719     713
              177     430     223     178     272

          name BIG_UP
              512     153     290     150     291     151
              289     702     226     547     223     161
              287     146     728     150     290     370
              227     171     281     701     227     390
              223

          name BIG_DOWN
              511     152     293     149     270     185
              276     694     233     547     222     165
              284     151     724     150     289     365
              231     174     279     702     226     547
              221

          name UP
              510     152     267     194     243     201
              269     702     224     548     222     164
              285     151     723     152     288     371
              205     412     220     163     267     186
              273

          name DOWN
              509     155     289     151     290     153
              287     702     225     547     222     166
              259     195     704     151     289     371
              203     409     225     165     260     403
              221

          name LEFT
              508     157     286     155     286     156
              260     729     221     552     203     196
              239     208     224     209     265     154
              260     398     164     452     168     434
              177     444     197

          name RIGHT
              510     154     268     185     278     151
              289     702     226     547     222     163
              262     190     708     151     289     371
              225     391     222     385     219     554
              222

          name SELECT
              512     151     293     149     276     178
              264     715     195     579     223     157
              267     191     247     181     258     186
              262     378     186     592     198     204
              268     535     173

          name RED
              507     156     287     153     288     154
              286     704     216     557     218     170
              256     197     700     149     721     718
              218     720     222     176     279

          name GREEN
              509     155     289     151     291     151
              289     701     226     548     222     163
              286     151     722     152     722     710
              223     716     225     723     221

          name BLUE
              514     152     291     150     266     190
              276     701     207     566     224     160
              288     149     701     191     262     381
              184     588     195     413     184     245
              205

          name YELLOW
              511     154     289     144     298     151
              289     702     226     547     223     161
              287     150     717     149     291     377
              226     391     222     162     282     714
              222

      end raw_codes

end remote
