
# contributed by Anders Bjork <anbj@home.se> 		SM2NON
#
# this config file was hand-hacked using oscilloscope 
# to compare the result with orginal remote.
#
#
# brand:                       Nokia
# model no. of remote control: MM9802S (Media Master 9802S)
# supported devices:           satelite receiver
#

begin remote

  name   Nokia
  flags CONST_LENGTH|RAW_CODES
  eps            30
  aeps          100

  ptrail          0
  repeat     0     0
  gap    99755

      begin raw_codes

          name 0
              350     300     200     250     200     250
              200     800     150     600     180     250
              180     250     180     250     180     250
              180     250     180     250     180     230
              200     250     200

          name 1
              350     300     200     250     200     250
              200     800     150     600     180     250
              180     250     180     250     180     250
              180     250     180     250     180     230
              200     450     200

          name 2
              350     300     200     250     200     250
              200     800     150     600     180     250
              180     250     180     250     180     250
              180     250     180     250     180     230
              200     600     200

          name 3
              350     300     200     250     200     250
              200     800     150     600     180     250
              180     250     180     250     180     250
              180     250     180     250     180     230
              200     750     200

          name 4
              350     300     200     250     200     250
              200     800     150     600     180     250
              180     250     180     250     180     250
              180     250     180     250     180     450
              200     250     200

          name 5
              350     300     200     250     200     250
              200     800     150     600     180     250
              180     250     180     250     180     250
              180     250     180     250     180     450
              200     450     200

          name 6
              350     300     200     250     200     250
              200     800     150     600     180     250
              180     250     180     250     180     250
              180     250     180     250     180     450
              200     600     200

          name 7
              350     300     200     250     200     250
              200     800     150     600     180     250
              180     250     180     250     180     250
              180     250     180     250     180     450
              200     750     200

          name 8
              350     300     200     250     200     250
              200     800     150     600     180     250
              180     250     180     250     180     250
              180     250     180     250     180     600
              200     250     200

          name 9
              350     300     200     250     200     250
              200     800     150     600     180     250
              180     250     180     250     180     250
              180     250     180     250     180     600
              200     450     200

          name MUTE
              350     300     200     250     200     250
              200     800     150     600     180     250
              180     250     180     250     180     250
              180     250     180     250     180     750
              200     450     200

          name INFO
              350     300     200     250     200     250
              200     800     150     600     180     250
              180     250     180     250     180     250
              180     250     180     250     180     750
              200     750     200

          name POWER
              350     300     200     250     200     250
              200     800     150     600     180     250
              180     250     180     250     180     250
              180     250     180     250     180     750
              200     250     200

          name VOL-
              350     300     200     250     200     250
              200     800     150     600     180     250
              180     250     180     250     180     250
              180     250     180     450     180     250
              200     450     200

          name BACK
              350     300     200     250     200     250
              200     800     150     600     180     250
              180     250     180     250     180     250
              180     450     180     600     180     450
              200     750     200

          name TEXT
              350     300     200     250     200     250
              200     800     150     600     180     250
              180     250     180     250     180     250
              180     450     180     450     180     600
              200     600     200

          name MENU
              350     300     200     250     200     250
              200     800     150     600     180     250
              180     250     180     250     180     250
              180     450     180     450     180     250
              200     550     200

          name GUIDE
              350     300     200     250     200     250
              200     800     150     600     180     250
              180     250     180     250     180     250
              180     450     180     450     180     450
              200     750     200

          name P+
              350     300     200     250     200     250
              200     800     150     600     180     250
              180     250     180     250     180     250
              180     250     180     750     180     250
              200     600     200

          name P-
              350     300     200     250     200     250
              200     800     150     600     180     250
              180     250     180     250     180     250
              180     250     180     750     180     450
              200     250     200

          name FUP
              350     300     200     250     200     250
              200     800     150     600     180     250
              180     250     180     250     180     250
              180     450     180     250     180     750
              200     450     200

          name FDOWN
              350     300     200     250     200     250
              200     800     150     600     180     250
              180     250     180     250     180     250
              180     450     180     250     180     750
              200     600     200

          name UP
              350     300     200     250     200     250
              200     800     150     600     180     250
              180     250     180     250     180     250
              180     450     180     450     180     250
              200     250     200

          name DOWN
              350     300     200     250     200     250
              200     800     150     600     180     250
              180     250     180     250     180     250
              180     450     180     450     180     250
              200     450     200

          name LEFT
              350     300     200     250     200     250
              200     800     150     600     180     250
              180     250     180     250     180     250
              180     450     180     450     180     450
              200     450     200

          name RIGHT
              350     300     200     250     200     250
              200     800     150     600     180     250
              180     250     180     250     180     250
              180     450     180     450     180     450
              200     600     200

          name OK
              350     300     200     250     200     250
              200     800     150     600     180     250
              180     250     180     250     180     250
              180     450     180     600     180     250
              200     600     200

          name VOL+
              350     300     200     250     200     250
              200     800     150     600     180     250
              180     250     180     250     180     250
              180     250     180     450     180     250
              200     250     200

      end raw_codes

end remote

