#
# this config file was automatically generated
# using lirc-0.6.6(serial) on Wed Nov 27 15:41:00 2002
#
# contributed by               Andreas Zisowsky
#
# brand:                       Nokia
# model no. of remote control: RCN 610
# devices being controlled by this remote:
#

begin remote

  name   RCN610
  flags CONST_LENGTH|RAW_CODES
  eps            30
  aeps          100

  ptrail          0
  repeat     0     0
  gap    102800

      begin raw_codes

          name 0
              569    2489     568     915    1062     429
              543     453     543     453     562     434
              570     427     543     453     543     453
              543     453     543     453     568     428
              568     428     543     454     543     453
              568     429     543   19825     570    2490
              542     941     568     428     567     429
              543     453     543     453     570     427
              542     454     543     453     568     429
             1037     947    1037     948     564     432
             1037     948     569

          name 1
              571    2488     551     932    1039     451
              546     451     545     451     545     451
              546     450     546     450     546     450
              546     451     545     451     545     451
              545     451     546     450     546     451
              545     451     545   19824     572    2488
              545     443     546     945     545     451
              545     451     545     451     545     451
              546     450     546     451     545     451
             1039     946    1038     947     545     451
             1039     946     545

          name 2
              545    2514     519     964    1013     477
              520     477     519     477     519     477
              519     477     520     476     520     476
              520     477     519     477     519     477
              520     476     520     476     520     476
              520     477     519   19850     545    2515
              519     963    1013     972     520     476
              520     477     519     477     519     477
              519     477     520     476    1013     972
             1013     972     520     476    1013     972
              532

          name 3
              543    2515     518     965    1011     480
              518     478     518     478     519     479
              517     477     518     478     518     479
              518     478     518     478     518     478
              518     478     518     478     518     479
              517     479     517   19853     543    2515
              518     471     518     478     518     973
              518     478     518     478     518     478
              518     479     518     478     518     478
             1011     974    1011     974     517     479
             1011     974     518

          name 4
              545    2514     519     964    1013     487
              510     477     519     477     519     477
              519     477     520     476     520     476
              520     477     519     477     519     477
              520     476     520     476     520     476
              520     477     519   19851     544    2514
              520     963     520     476    1033     952
              544     452     520     477     520     476
              544     452     520     476    1038     947
             1038     947     545     451    1013     972
              545

          name 5
              544    2515     518     965    1011     479
              518     479     518     478     518     478
              518     478     518     478     518     478
              519     478     518     478     518     478
              518     478     519     477     519     477
              519     477     519   19851     543    2516
              518     471     518     972    1012     973
              518     478     518     478     519     477
              519     478     518     478    1012     973
             1012     973     518     478    1012     973
              518

          name 6
              543    2516     518     965    1011     479
              518     478     518     479     517     479
              518     478     518     478     518     478
              518     479     517     479     517     479
              518     478     518     478     518     478
              518     479     517   19852     543    2516
              518     965    1011     480     517     973
              518     479     517     479     517     479
              518     478     518     478    1011     974
             1011     974     518     478    1013     973
              517

          name 7
              543    2516     518     965    1011     479
              518     478     518     479     517     479
              518     478     518     478     518     478
              518     479     517     479     518     478
              518     478     518     478     518     478
              518     479     517   19853     543    2516
              517     471     518     478     518     479
              517     973     517     479     518     478
              518     478     518     478     518     479
             1011     974    1011     973     518     479
             1011     973     518

          name 8
              543    2515     518     965    1012     479
              518     478     518     478     518     478
              518     478     518     479     518     478
              518     480     517     478     517     478
              518     478     518     479     517     479
              518     478     518   19851     544    2515
              519     965     518     478     518     478
             1011     974     518     478     518     478
              518     478     518     479    1011     973
             1012     973     518     478    1012     973
              518

          name 9
              543    2515     518     965    1012     479
              518     478     518     478     518     478
              518     478     519     478     518     478
              518     478     518     478     518     478
              519     478     518     478     518     478
              518     478     518   19852     544    2515
              518     471     518     972     518     478
             1012     973     518     478     519     477
              518     479     518     478    1011     974
             1011     974     518     478    1011     973
              519

          name Power
              569    2489     544     939    1038     452
              545     451     570     426     571     426
              545     451     545     451     545     451
              547     449     546     451     569     427
              544     452     545     451     571     425
              545     451     546   19824     571    2488
              545     938     545     451    1062     429
              545     945     571     426     544     452
              545     451     570     426    1038     947
             1038     947     545     451    1063     922
              545

          name Info
              594    2465     543     940    1062     428
              570     427     542     454     543     453
              569     427     543     453     543     453
              570     427     564     432     543     453
              564     432     543     453     543     453
              569     427     543   19828     594    2464
              569     420     543     947    1036     455
              543     947    1063     922     543     453
              543     454    1036     949    1036     949
              543     452    1060     925     569

          name Mute
              594    2465     544     939    1046     444
              544     452     544     452     570     427
              568     428     544     452     544     452
              544     452     545     451     545     452
              569     427     544     452     544     452
              545     451     570   19801     569    2489
              563     920     544     452     570     426
             1063     922    1037     948     570     426
              544     452    1038     947    1061     924
              544     452    1063     922     544

          name Volume-
              595    2463     544     940    1061     429
              543     453     543     453     569     427
              543     453     568     429     543     453
              568     428     543     453     570     426
              543     454     543     453     568     428
              543     453     543   19826     595    2465
              543     445     544     452     544     453
              542     948    1056     929     569     427
              543     453     544     452    1062     923
             1037     948     544     452    1063     922
              544

          name Volume+
              568    2490     543     940    1037     454
              543     453     543     453     569     427
              544     453     563     433     543     453
              544     452     569     427     544     453
              542     454     569     427     543     453
              543     453     544   19826     569    2490
              543     940    1037     453     544     947
             1052     933     543     453     568     428
              569     427    1037     948    1037     948
              569     427    1037     948     543

          name Up
              571    2462     545     938    1038     452
              565     432     545     451     545     451
              545     451     545     451     545     451
              545     452     544     452     569     427
              571     425     545     451     545     451
              546     451     545   19824     591    2468
              564     919    1038     453     545     451
              569     921     545     452     544     453
              544     451     545     451    1038     947
             1050     935     545     451    1038     947
              545

          name Left
              569    2490     568     915    1037     454
              556     440     567     429     543     453
              543     453     544     452     569     428
              543     453     568     428     543     453
              569     427     543     453     544     453
              543     453     543   19826     569    2490
              567     422     568     428     568     429
              542     454     569     921    1062     923
              568     428     544     452    1036     949
             1037     950     541     453    1037     948
              569

          name Right
              569    2490     543     940    1036     454
              544     452     570     427     543     453
              543     453     569     427     543     454
              544     452     563     433     568     428
              543     453     569     427     543     453
              568     428     570   19800     569    2490
              543     940    1036     454     570     426
              570     921    1036     949     568     428
              570     426    1037     948    1061     924
              569     427    1037     948     558

          name Down
              570    2489     544     939    1038     453
              544     452     544     452     569     427
              570     426     544     452     545     452
              569     427     544     453     543     452
              544     452     569     427     544     453
              544     452     544   19852     543    2490
              544     444     544     452     544     452
              544     452     544     947     544     452
              544     452     544     452     544     453
             1062     923    1037     947     570     427
             1037     947     544

          name OK
              571    2488     545     938    1038     453
              545     451     545     451     570     426
              545     451     545     452     544     451
              546     451     545     451     545     451
              571     425     545     451     545     451
              546     451     545   19824     571    2488
              571     912     570     426     547     450
              545     451    1038     452     546     945
              545     451     545     451    1039     946
             1039     946     545     451    1039     946
              569

          name Red
              594    2464     567     916    1037     453
              544     453     569     427     543     453
              544     452     569     427     544     452
              568     429     544     452     544     452
              569     427     569     427     544     453
              543     453     570   19799     570    2490
              569     914     569     427    1047     443
              570     426     544     453     544     946
              544     452     544     452    1038     947
             1038     947     569     427    1062     923
              544

          name Green
              570    2489     544     940    1036     453
              560     436     545     452     544     452
              569     427     544     452     544     452
              571     426     544     452     544     452
              544     452     544     452     568     428
              545     452     544   19825     595    2464
              545     444     545     945    1062     429
              560     436     544     452     545     946
              569     427     544     452    1038     947
             1038     947     544     452    1062     923
              544

          name Yellow
              571    2488     545     939    1064     426
              545     452     545     451     545     451
              545     451     545     451     545     451
              545     452     568     428     544     451
              545     451     545     451     545     452
              544     452     545   19824     571    2489
              545     938    1038     452     545     451
              570     427     569     427     545     945
              570     426     545     452    1038     946
             1063     922     545     451    1039     946
              545

          name Blue
              570    2489     544     939    1037     453
              570     427     544     452     543     453
              569     427     544     452     544     452
              569     427     569     427     568     429
              569     427     544     452     544     452
              569     427     544   19828     568    2489
              544     445     544     452     544     452
              544     452     569     428     570     425
              544     947     544     452     544     452
             1063     922    1037     948     544     452
             1037     948     544

          name TV
              570    2488     546     937    1039     452
              546     450     546     450     546     451
              545     451     545     451     570     426
              571     425     545     451     546     451
              545     451     546     451     544     451
              545     451     545   19825     571    2488
              545     938     545     451     545     451
              545     451    1039     452     545     451
              545     946     545     451    1038     947
             1038     946     546     451    1038     947
              545

          name Text
              570    2489     545     938    1038     452
              545     451     545     451     546     450
              546     451     545     451     545     451
              545     451     546     450     546     450
              546     451     545     451     545     451
              545     451     546   19823     572    2488
              545     443     546     451     545     945
              546     450    1039     452     545     945
              546     451     545     451    1039     946
             1038     946     546     451    1038     946
              546

          name Menu
              516    2516     518     965    1011     479
              518     479     517     479     517     479
              518     478     518     478     518     478
              518     479     517     479     518     478
              518     478     518     478     518     478
              518     479     517   19853     543    2515
              518     471     518     478     518     972
             1012     479     518     478     518     973
              517     479     518     478    1012     973
             1011     974     518     478    1011     974
              518

          name Timer
              571    2489     544     938    1039     452
              545     451     545     451     545     451
              545     451     545     462     535     451
              545     451     545     451     570     426
              545     451     545     451     546     451
              549     447     545   19825     595    2463
              546     937    1039     946     546     450
              546     451    1038     946     570     427
              571     425    1038     947    1038     946
              546     451    1063     921     546

          name Size
              545    2514     519     964    1013     477
              520     476     545     452     519     477
              520     476     520     476     520     476
              520     476     545     452     520     476
              520     476     544     452     520     476
              542     455     519   19850     545    2514
              520     963     520     476     520     477
             1037     453     544     453     544     946
              520     476     544     452    1038     947
             1030     955     540     456    1013     972
              520

          name Stop
              543    2514     520     963    1013     478
              520     476     520     476     520     477
              519     477     519     477     519     477
              520     476     520     476     520     477
              519     477     519     477     520     476
              520     476     520   19850     545    2514
              520     469     520     970    1038     947
             1037     454     544     946     545     451
              520     476    1039     946    1038     947
              544     452    1038     947     545

          name VCR
              571    2488     545     938    1063     427
              546     451     545     451     545     451
              545     451     545     451     545     451
              546     451     545     451     545     451
              545     451     569     427     545     451
              546     451     545   19824     597    2462
              545     938     571     425    1038     947
             1038     453     545     451     545     946
              544     452    1038     947    1037     947
              545     452    1038     946     545

          name SAT
              595    2464     544     939    1037     453
              545     451     570     426     545     452
              544     452     544     452     544     452
              544     452     545     451     545     452
              544     452     544     452     544     452
              545     451     545   19825     570    2489
              569     914    1037     948     544     453
             1053     436     544     452     545     946
              568     428    1051     934    1062     923
              544     452    1037     948     560

          name REC
              569    2490     543     940    1037     453
              550     446     544     452     569     428
              569     427     543     453     543     453
              569     427     568     428     570     427
              543     453     543     453     564     432
              543     453     568   19802     568    2491
              562     426     543     454     568     922
              543     453     569     427    1063     922
              544     452     544     453    1059     925
             1062     923     570     426    1037     948
              543

      end raw_codes

end remote
