#
# this config file was automatically generated
# using lirc-0.6.6(serial) on Wed Jul 23 16:48:34 2003
#
# contributed by Jan Hoffmann (camputa) <J.Hoffmann@janhoffmann.net>
#
# brand: NOKIA
# model no. of remote control: RCN 624
# devices being controlled by this remote: ??, I think u asked for my TV?
#

begin remote

  name   RCN_624
  flags CONST_LENGTH|RAW_CODES
  eps            30
  aeps          100

  ptrail        625
  repeat     0     0
  gap    128872

      begin raw_codes

          name 1
              630    2325     636     873    1119     361
              627     361     628     360     628     360
              628     360     629     362     625     362
              626     361     627     361     628     360
              627     361     627     361     627     360
              628     360     628   19774     629    2328
              628     360     628     876     628     360
              628     360     628     361     627     360
              628     362     627     361     628     360
             1120     878    1120     876     628     361
             1120     877     628

          name 2
              599    2355     601     907    1091     392
              597     394     594     392     621     366
              597     392     597     390     622     366
              596     393     598     389     622     366
              597     392     595     391     598     391
              621     366     597   19803     603    2353
              601     907    1091     908     622     366
              597     391     622     367     597     391
              622     366     621     367    1090     908
             1090     908     597     391    1090     908
              596

          name 3
              574    2383     573     932    1095     388
              599     389     574     414     598     390
              573     418     595     390     599     389
              573     415     572     416     574     414
              623     364     598     391     599     388
              598     390     598   19804     600    2357
              574     416     573     415     599     905
              599     389     600     389     599     389
              573     413     599     390     598     390
             1091     906    1066     933     598     389
             1091     907     572

          name 4
              600    2356     600     907    1092     391
              597     391     597     391     597     392
              596     391     598     390     597     391
              622     367     596     392     596     392
              595     393     596     391     621     367
              596     392     596   19803     627    2331
              599     907     598     390    1117     883
              621     367     622     366     597     390
              598     391     597     390    1091     907
             1091     909     596     390    1091     908
              597

          name 5
              601    2355     601     906    1092     391
              621     366     622     366     622     366
              622     369     594     392     597     392
              596     391     599     389     597     392
              595     391     597     391     620     368
              621     367     596   19804     602    2354
              627     365     624     881    1091     907
              597     391     597     391     598     391
              596     392     597     391    1090     908
             1090     923     582     391    1090     908
              597

          name 6
              600    2355     600     908    1090     393
              597     390     596     393     595     392
              622     367     595     393     596     392
              596     392     596     392     596     393
              620     367     596     392     595     392
              597     391     621   19779     601    2357
              623     882    1092     391     598     908
              596     391     600     387     598     392
              596     392     596     390    1116     883
             1115     883     597     391    1090     908
              622

          name 7
              625    2331     601     907    1116     366
              597     392     596     391     597     392
              596     392     596     392     595     393
              596     392     595     393     596     392
              620     367     595     392     596     391
              621     368     595   19805     601    2356
              601     390     624     365     597     391
              597     907     597     391     597     391
              597     392     596     392     596     391
             1090     909    1090     908     596     391
             1089     908     596

          name 8
              601    2355     625     883    1115     367
              598     392     595     392     596     391
              596     391     597     392     622     366
              596     392     596     392     596     391
              596     393     595     392     596     393
              621     368     595   19804     626    2329
              601     907     597     392     597     391
             1115     885     596     390     621     368
              621     387     576     412    1069     908
             1117     883     598     391    1113     904
              600

          name 9
              574    2382     575     930    1092     392
              571     416     572     416     597     389
              573     416     573     415     598     390
              598     389     600     389     599     391
              571     416     572     415     597     391
              597     390     573   19830     576    2383
              598     390     599     905     598     390
             1068     931     598     389     598     390
              573     415     572     416    1066     933
             1066     931     573     416    1065     931
              599

          name 0
              601    2356     573     931    1093     391
              596     393     596     391     573     414
              598     391     573     414     599     390
              624     363     573     414     599     391
              597     390     598     389     598     390
              571     417     598   19806     574    2382
              625     880     573     416     600     388
              573     413     573     415     598     392
              597     390     571     417     597     391
             1092     907    1065     934     598     387
             1071     932     572

          name IDEAL
              602    2356     624     881    1093     390
              598     391     597     391     622     366
              597     391     597     391     596     391
              622     366     598     391     596     391
              597     392     596     391     621     366
              621     367     621   19778     603    2357
              600     390     598     906     623     366
             1091     907    1116     883     622     367
              596     389    1094     905    1116     882
              598     390    1115     882     597

          name last
              626    2331     600     905    1093     390
              599     389     624     364     626     361
              624     364     600     389     598     389
              599     389     624     366     598     389
              623     365     598     390     623     365
              599     390     622   19779     601    2355
              626     881    1117     881    1118     881
             1091     909     621     364     624     365
             1093     905    1092     906     624     364
             1092     911     594

          name mute
              601    2355     626     879    1118     365
              624     364     625     364     624     364
              624     364     624     364     623     365
              623     365     623     366     597     390
              598     389     623     365     623     365
              623     365     624   19776     603    2355
              626     881     623     364     624     365
             1092     906    1093     905     599     389
              624     364    1117     881    1119     880
              624     364    1092     906     623

          name info
              625    2330     601     905    1129     359
              594     389     624     364     624     364
              624     364     599     389     599     389
              624     364     624     364     624     364
              601     386     626     363     622     365
              623     366     622   19778     627    2331
              626     363     625     879    1119     364
              625     879    1094     905     599     389
              624     364    1117     881    1118     880
              624     364    1117     881     624

          name up
              627    2329     626     881    1092     391
              598     389     598     391     598     390
              598     390     622     366     623     365
              597     391     598     390     597     391
              597     391     596     390     598     390
              597     391     597   19804     602    2355
              601     906    1093     390     623     366
              597     906     598     391     622     366
              597     390     598     390    1091     907
             1091     906     637     352    1091     907
              598

          name down
              600    2356     599     906    1093     390
              624     365     598     390     598     390
              598     390     629     360     597     391
              622     365     623     366     622     365
              623     365     623     365     622     366
              598     390     597   19803     602    2356
              624     365     624     364     624     365
              598     390     623     881     598     390
              623     367     621     367     621     365
             1092     907    1091     907     597     390
             1092     907     622

          name left
              600    2356     627     879    1092     391
              598     389     599     389     598     390
              598     391     598     390     622     366
              597     390     598     391     622     365
              598     390     599     389     599     389
              597     391     622   19784     597    2354
              626     364     624     364     625     364
              599     388     625     881    1092     906
              598     390     599     391    1115     885
             1089     907     599     391    1089     906
              623

          name right
              625    2331     603     903    1092     392
              597     391     597     391     622     367
              596     393     595     391     597     393
              595     391     596     392     596     391
              621     368     595     394     596     391
              596     392     596   19804     601    2355
              600     908    1090     392     597     391
              597     907    1090     910     597     391
              596     392    1114     884    1090     908
              597     391    1090     908     596

          name tv
              597    2358     599     906    1068     415
              624     364     573     416     572     415
              599     390     598     390     598     390
              572     415     597     391     598     391
              596     392     572     415     573     415
              598     390     597   19806     598    2358
              573     932     598     390     624     365
              573     415    1066     417     573     414
              572     932     597     390    1067     932
             1091     908     597     391    1089     909
              571

          name text
              598    2358     597     906    1068     415
              599     389     573     415     574     414
              598     390     573     416     597     390
              598     390     572     415     573     416
              596     391     600     390     571     416
              572     415     597   19806     601    2356
              575     414     574     414     574     932
              597     390    1093     390     623     881
              597     391     573     414    1094     904
             1067     933     597     389    1069     930
              571

          name power
              599    2355     626     880    1093     391
              622     366     622     366     598     390
              598     390     622     366     622     366
              622     366     597     392     599     389
              596     390     598     390     623     366
              597     390     597   19812     618    2331
              600     907     598     390    1118     365
              598     905     599     390     623     365
              598     390     598     390    1115     885
             1115     881     598     390    1091     907
              598

          name ok_red
              625    2331     600     905    1093     390
              599     389     599     389     624     364
              624     364     599     390     598     389
              599     389     624     364     623     365
              624     364     623     365     623     365
              623     365     623   19777     627    2332
              626     883     621     363    1119     364
              625     364     599     389     600     904
              599     389     623     364    1118     881
             1117     881     598     390    1117     881
              598

          name sound_green
              627    2329     627     878    1120     363
              626     362     602     387     625     362
              626     362     626     362     627     361
              626     365     623     362     626     362
              625     363     625     362     626     362
              626     362     626   19776     629    2331
              625     361     628     877    1120     363
              627     361     626     362     626     879
              625     361     626     362    1120     878
             1119     880     626     362    1119     879
              626

          name vision_yellow
              598    2356     600     905    1093     391
              598     391     623     364     624     365
              598     390     623     366     622     365
              623     365     623     365     598     390
              623     365     598     390     623     365
              622     365     623   19779     626    2332
              624     881    1092     391     598     390
              623     366     597     391     622     882
              622     365     599     390    1090     908
             1091     906     598     390    1091     907
              598

          name menu_blue
              625    2330     625     879    1120     363
              626     363     626     363     625     363
              625     363     625     363     625     364
              624     363     626     362     625     363
              624     364     602     386     624     363
              627     361     600   19802     627    2333
              624     366     597     388     626     362
              626     363     625     363     625     363
              625     879     625     364     623     363
             1119     880    1118     880     624     364
             1118     881     600

          name stop
              572    2383     573     931    1070     414
              649     340     572     416     571     417
              597     392     569     417     598     391
              596     391     597     392     571     417
              571     417     596     391     596     392
              595     393     597   19805     599    2359
              572     414     572     934    1067     931
             1092     390     598     908     598     390
              597     390    1093     906    1092     906
              572     417    1088     909     571

          name size
              600    2358     570     933    1118     366
              596     393     571     414     597     392
              570     419     570     417     570     417
              572     418     572     436     550     416
              571     416     598     391     596     392
              573     437     574   19807     600    2358
              572     933     573     416     596     391
             1065     419     570     439     575     908
              595     393     596     393    1063     954
             1069     909     571     417    1076     944
              574

      end raw_codes

end remote
