#
# this config file was automatically generated
# using lirc-0.6.6(sir) on Sat Apr  5 22:31:41 2003
#
# Contributed by Danky <danky(at)zone-sys.net>
#
# Brand: Frahm
# Model: MD300
# Supported devices: Frahm MD300 HiFi Stereo

begin remote

  name  md300
  flags CONST_LENGTH|RAW_CODES
  eps            30
  aeps          100

  ptrail        432
  repeat     0     0
  gap    53965

      begin raw_codes

          name MEM
             1295     388     432    1255    1298     388
              432    1255     432    1254    1298     389
              431    1255    1298     389     432    1254
              432    1253     434    1252     434

          name PLAY
             1218     462     435    1252    1224     462
              434    1254     433    1252    1225     462
             1224     462     434    1253     434    1252
              435    1254     432    1253     434

          name REPEAT
             1221     462     432    1256    1223     462
              432    1254     433    1252    1300     390
              431    1252     434    1253    1300     389
              431    1252     435    1252     434

          name STOP
             1221     462     434    1253    1224     462
              434    1253    1224     463     434    1252
              434    1253     434    1254     432    1253
             1224     464     433    1252     436

          name RW
             1219     463     433    1254    1223     463
              434    1254    1222     463     434    1254
              432    1253     435    1251     432    1255
              432    1252     437    1254    1222

          name FW
             1292     389     432    1255    1298     386
              434    1254    1300     387     432    1255
              432    1256     430    1253     435    1251
              434    1253    1300     389     432

          name VOL-
             1218     466     430    1254    1297     388
             1298     390     433    1252     434    1253
              434    1252     435    1252     434    1254
             1297     388     436    1251     434

          name VOL+
             1297     388     433    1255    1296     390
             1296     391     432    1254     432    1255
              432    1254     432    1254    1298     389
              432    1255     431    1255     432

          name TUNE-
             1291     390     432    1254    1297     388
             1298     390     433    1254     432    1255
             1299     388     432    1255     432    1254
              432    1255     431    1255     432
                            
          name TUNE+
             1291     390     434    1251    1298     388
             1301     388     432    1255     431    1255
              432    1257    1297     388     433    1253
              432    1255     432    1255     431
                            
          name OFF
             1220     464     430    1255    1298     388
              432    1255    1298     389     431    1253
              434    1252    1301     388     432    1255
              432    1252     434    1254     433

          name ON
             1292     389     433    1251    1301     388
              432    1252    1301     388     432    1252
             1299     387     434    1253     434    1252
              435    1252     434    1253     434

          name MUTE
             1221     462     434    1253    1226     460
              434    1253    1224     462     434    1256
              431    1253     433    1253    1224     463
              435    1254     432    1253     433

      end raw_codes

end remote
