#
# this config file was automatically generated
# using lirc-0.5.4 on Mon Jul 26 20:50:23 1999
#
# contributed by Carsten Leopold (cleopold@linuxfreak.com) 
#
# brand:             Grundig
# model:             RC 1 CD
# supported devices: CD Player (CD 8150)
#

begin remote

  name   Grundig
  flags RAW_CODES
  eps            30
  aeps          100

  ptrail          0
  repeat     0     0
  gap    86074

      begin raw_codes

          name 1
              939     770     931     757     906     783
             1752    1626    1751     782     932     757
              905     784     907     782     932     756
              908     781     932    1601     907

          name 2
              927     783     905     784     906     782
             1775    1603    1751     783     906     782
              908     782     906     782     933     755
              908    1624    1753

          name 3
              929     782     906     783     906     782
             1753    1627    1750     782     907     782
              907     782     907     781     906     763
              927    1625     908     782     908

          name 4
              924     782     934     756     905     782
             1753    1625    1752     783     906     782
              933     756     907     781     907    1625
             1752     783     906

          name 5
              924     783     906     783     906     783
             1751    1628    1750     782     907     783
              906     782     907     782     905    1627
             1752    1625     909

          name 6
              930     756     906     783     905     785
             1750    1627    1752     782     905     784
              906     783     933     755     907    1625
              906     784    1751

          name 7
              926     782     906     783     907     782
             1752    1626    1752     782     915     774
              906     782     907     782     907    1625
              907     782     908     780     910

          name 8
              930     781     907     783     906     782
             1752    1627    1751     782     907     781
              908     782     906    1625    1753     781
              908     782     906

          name 9
              953     756     905     783     907     783
             1750    1628    1751     782     906     782
              907     782     907    1625    1753     781
              908    1625     909

          name 0
              952     757     905     783     906     783
             1751    1626    1752     782     908     781
              907     781     934     755     906     783
              906     783     932     756     932

          name store
              927     782     907     783     932     756
             1778    1599    1752     782     907    1626
             1751    1627    1777     756     907    1625
              909

          name scan
              925     782     880     809     906     783
             1751    1626    1754     781     933    1599
             1779    1598    1751    1628     932     755
              909

          name repeat
              905     783     905     785     904     784
             1751    1626    1753     782     906     782
              907    1625     908     782     905     783
             1751    1627     908

          name stop
              927     782     905     783     907     782
             1751    1626    1753     782     934    1599
              906     783    1752    1624     907     782
             1751

          name play
              926     782     906     782     907     782
             1752    1626    1751     783     907    1626
              934     755    1752    1625    1751    1627
              909

          name pause
              930     781     907     782     908     781
             1751    1627    1752     782     906    1626
              908     782    1751     782     934     754
              908     781     908

          name <
              889     780     908     782     907     759
             1775    1625    1753     781     908    1625
             1752     782     906     782     908     781
              908    1625     909

          name >
              927     781     906     759     931     782
             1752    1625    1752     782     908    1624
             1753     781     908     782     907     781
              907     781     908

          name <<
              930     782     906     782     906     782
             1752    1606    1773     781     908    1602
              930     781    1752     783     907    1625
             1752

          name >>
              926     784     905     784     905     783
             1751    1627    1751     782     906    1627
              907     783    1750    1627    1751     782
              907

      end raw_codes

end remote
