#
# this config file was automatically generated
# using lirc-WinLIRC 0.6.1pre2 (LIRC 0.6.1pre2) on Mon Mar 25 12:21:50 2002
#
# contributed by Philippe Lamalice
#
# brand:             One4All
# model:             URC-8200B00
# supported devices: Using VCR with code 035
#

begin remote

  name   URC-8200B00
  eps            30
  aeps          100

  ptrail          0
  repeat     0     0
  gap    36676


      begin raw_codes

          name Play
             3481    3185     971     675     967    2368
              965     682     958     688     956     691
              953     697     945    2387     945     702
              944    2386     946     696     945     702
              942    2391     945     706     935    2388
              943    2388     945    2381     950    2380
              950     692     949    2381     951     695
              947    2386     949    2380     952

          name Stop
             3485    3193     983     676     974    2370
              980     683     964     691     952     700
              942     710     935     720     924     726
              919     735     908     741     903     745
              898    2434     915     735     906    2420
              926    2410     935    2402     942    2394
              948    2388     950    2386     955    2382
              960    2376     971    2375     963

          name Forward
             3523    3145    1022     621    1015    2318
             1018     630    1010     638    1004     644
              997    2337     999    2330    1004     642
              995     651     990     654     983     668
              973    2360     980     662     979    2351
              989    2342     991    2337     999     647
              992     649     990    2340     995    2334
             1002    2331    1002    2333    1000

          name Rewind
             3430    3240     930     719     924    2413
              922     729     917     734     915     738
              911     742     906    2428     911     740
              910     743     903     747     901     747
              896    2435     902     746     899    2434
              903    2431     905    2430     910    2426
              913     738     908    2428     912    2426
              914    2423     917    2424     917

          name Record
             3374    3310     877     794     874    2483
              875     798     874     797     872     799
              871     799     870     801     872     803
              870    2489     868     799     870     803
              871    2490     870     800     869    2488
              872    2488     869    2485     873    2486
              870    2484     874    2485     873     796
              874    2486     872    2485     873

          name Pause
             3377    3307     880     787     879    2477
              877     792     877     794     874     796
              874     796     871    2484     874    2485
              870     794     872     797     873     800
              873    2487     869     799     873    2488
              873    2483     874    2485     874    2480
              876     795     875     797     875    2485
              871    2483     876    2483     874

          name Enter
             3410    3257     909    2422     906    2424
              904     740     890     747     881     757
              877     761     875    2454     874     763
              875    2455     874    2449     879    2445
              880     757     877     762     876    2454
              877    2449     879    2444     882    2443
              884     751     879    2450     885     756
              877     764     873     769     875

          name Prev-Chan
             3393    3268     888    2438     886    2440
              887     755     883     759     880     762
              878     765     877    2454     876    2453
              876    2453     880     764     877    2454
              879     765     877     767     876    2455
              877    2452     878    2451     879    2449
              879     761     879     765     877     768
              877    2454     877     771     875

          name 0
             3486    3186     982     671     977    2362
              977     677     973     679     965     688
              955    2378     962     693     950     698
              942    2390     951    2381     960     694
              947    2383     958     692     950    2383
              960    2376     966    2372     970     684
              962    2376     963    2374     966     680
              957     688     950    2382     959

          name 1
             3508    3161    1003     646     993    2332
              994     648     982     657     980     664
              975     674     970     681     959     684
              957     694     947    2381     960     694
              951    2382     957     689     957    2373
              966    2367     971    2360     973    2354
              978    2353     979    2346     984    2347
              986     663     978    2355     980

          name 2
             3507    3169    1004     648     996    2344
              998     658     990     669     986     674
              970    2366     979     676     974     684
              959     685     958    2375     963     686
              957    2373     962     684     959    2374
              960    2368     968    2366     972     676
              965    2366     976    2363     980    2359
              983     673     970    2364     975

          name 3
             3377    3299     878     779     875    2473
              876     785     874     790     874     793
              872     796     872    2485     869     794
              870     796     872    2484     869     796
              871    2484     871     796     871    2485
              873    2482     873    2480     874    2479
              874     791     874    2481     874    2478
              873     791     873    2480     871

          name 4
             3437    3230     936     709     924    2408
              924     722     913     733     905     738
              898    2431     903    2426     907     737
              900     744     892    2437     898     746
              891    2440     897     747     890    2437
              900    2430     903    2428     908     736
              900     744     893    2435     902    2430
              905     740     898    2432     904

          name 5
             3399    3272     896     751     889    2445
              889     759     886     764     880     770
              877     773     876     778     875    2464
              876     773     877    2466     878     772
              877    2464     879     772     876    2464
              875    2460     879    2456     884    2454
              884    2455     885     764     881    2456
              885     765     880    2458     881

          name 6
             3392    3277     892     751     886    2454
              886     768     883     774     880     778
              877    2472     879     780     876    2471
              878     782     876    2472     879     780
              876    2473     879     783     877    2473
              877    2468     879    2465     881     776
              880    2467     879     778     878    2471
              879     780     880    2471     877

          name 7
             3377    3316     874     797     871    2485
              872     798     872     799     870     801
              869     802     870    2491     868    2488
              869     801     870    2488     871     799
              869    2488     870     800     869    2489
              871    2489     871    2486     870    2487
              872     800     870     801     870    2488
              870     802     870    2488     871

          name 8
             3378    3308     879     791     876    2481
              876     795     874     797     874     798
              873    2486     872    2485     873    2483
              874     796     874    2486     873     798
              873    2484     873     797     872    2483
              873    2485     874    2483     875     795
              874     799     872     799     870    2486
              872     798     873    2486     871

          name 9
             3383    3296     883     775     878    2468
              878     782     877     785     876     787
              871     790     870     792     872     794
              870    2483     872    2481     872     790
              873    2478     871     791     872    2481
              871    2478     872    2477     874    2473
              876    2472     877    2470     878     784
              877     788     874    2479     874

          name Power
             3459    3211     957     691     946    2387
              947     699     937     705     930     715
              924     723     916     731     908     737
              903     744     900     747     895    2439
              906    2430     916     730     910    2424
              919    2413     924    2407     931    2399
              933    2399     937    2393     937    2393
              939    2389     942     703     934

          name Chan+
             3483    3196     977     681     968    2372
              968     688     959     691     949     695
              941     704     938    2394     945     703
              937     712     931     720     921    2409
              931    2398     939     709     936    2401
              941    2390     949    2385     953    2381
              956     693     952    2386     948    2382
              953    2379     958     694     950

          name Chan-
             3416    3255     917     736     904    2433
              906     744     896     751     886     757
              879    2447     883    2444     888     755
              882     762     876     767     873    2452
              877    2452     880     761     879    2449
              882    2445     886    2440     892     751
              884     757     877    2450     883    2444
              887    2441     890     751     882

          name Vol+
             3394    3268     895     746     885    2443
              885     755     883     760     881     766
              878     771     876     773     875     775
              874    2465     875     775     873    2464
              874    2458     879     767     877    2459
              877    2456     879    2452     881    2449
              882    2448     883    2445     883     757
              881    2450     883     760     881

          name Vol-
             3434    3237     931     716     923    2414
              920     726     911     734     902     742
              895    2438     902     743     891     753
              887    2443     895     749     886    2443
              894    2434     901     745     894    2437
              897    2430     903    2426     907     737
              898    2431     902    2427     910     739
              897    2432     903     742     896

          name Mute
             3398    3266     896     743     885    2441
              886     753     880     762     877     768
              876    2459     876     770     874     775
              873    2465     874     772     874    2464
              874    2459     875     768     874    2460
              877    2456     877    2456     878     765
              876    2457     876    2453     879     765
              878    2458     877     768     876

          name Display
             3388    3288     891    2454     889     769
              880     777     878    2469     879    2468
              880    2467     882    2464     883     777
              879     783     876    2473     877    2470
              879     781     875    2473     877    2470
              878     781     876     786     873     789
              872     791     868    2480     869    2477
              872     787     872     790     872

          name Tv/Sat
             3400    3276     899     755     887    2452
              887     765     883     773     881     780
              877     784     877    2474     874     782
              877    2474     877     783     878    2475
              879    2468     879     779     878    2471
              879    2466     877    2463     883    2460
              886     771     882    2464     881     775
              880    2467     880     777     880

          name Clear
             3515    3158    1007     635    1000    2333
              998     648     990     655     985     670
              972    2356     979    2352     984     668
              975     671     969    2364     973    2358
              983    2352     979     668     977    2358
              978    2352     981    2347     989     661
              980     668     977    2359     978    2356
              983     668     976     675     970

          name Menu
             3388    3281     883    2448     882    2449
              882     764     880     773     877     780
              876     786     874     790     873    2477
              873    2475     875     784     875    2475
              875     785     873     789     874    2478
              874    2474     875    2472     877    2466
              881    2464     877     775     877     782
              877    2474     876     784     875

          name Guide
             3381    3306     881    2473     880    2472
              879     787     877     792     875     793
              874    2483     875     795     874    2484
              872    2482     873    2479     875    2479
              877     791     875     794     874    2484
              875    2482     876    2480     874     792
              876    2483     873     794     873     796
              873     798     870     799     872

          name Select
             3379    3296     879    2461     875    2463
              878     777     875     784     874     787
              874     791     875     793     872     796
              871    2482     871     795     872    2484
              870     793     871     796     873    2483
              867    2482     872    2480     872    2476
              874    2475     872    2472     876     786
              875    2476     876     788     874

          name Up
             3396    3275     895    2440     893    2441
              891     758     886     768     883     775
              880    2466     881     776     879    2465
              881     776     879     782     876    2473
              879     783     876     786     876    2476
              876    2470     880    2469     881     778
              879    2469     878     779     879    2469
              880    2467     882     780     879

          name Down
             3377    3310     878    2479     878    2478
              877     792     875     794     873     797
              873     798     874     800     872    2487
              870     800     871     801     872    2489
              870     799     870     801     868    2489
              872    2488     873    2486     873    2484
              874    2485     873     796     873    2484
              874    2483     875     795     873

          name Right
             3377    3295     874     773     875    2467
              874     779     873     785     873     788
              871     790     871     792     871     794
              870    2482     869    2479     869    2477
              871    2474     873     788     871    2477
              873    2474     873    2472     872    2471
              874    2470     874    2469     873     781
              874     785     872     790     873

          name Left
             3377    3311     874     792     875    2481
              874     796     872     797     871     800
              870    2486     870     799     871     800
              871    2487     870    2485     871    2486
              871    2485     872     797     871    2485
              872    2485     873    2483     873     796
              867    2486     874    2478     872     797
              871     798     870     801     871

      end raw_codes

end remote

