#
# this config file was generated by squire (b01735449963ATwebDOTde)
# using lirc-0.8.0 (serial) on Sun Jul 16 20:45 2006
#
# contributed by 
#
# brand:                       			Grundig FineARTS
# model no. of remote control: 			(59802-602.01 SYSTEM)
# devices being controlled by this remote:	Grundig FineARTS R1 (HIFI-Riceiver)
# NOTE: buttom DCC/DECK A will not work
#

begin remote

  name   		Grundig_FineARTS
  flags 		RAW_CODES|CONST_LENGTH
  eps            	30
  aeps          	100

  ptrail          	0
  repeat     	0     0
  gap    		113774

      begin raw_codes

          name 1
             1016     762    1015     764    1016     765
             2001     687    1015     765    1015     765
             1015     765    1014     765    1015     765
             1015     765    1015     765    1014    1639
              985

          name 2
              990     792     988     792     987     792
             1888     801     988     792     988     791
              988     792     991     789     988     792
              989     790     990    1664    1887

          name 3
              990     792     988     792     988     792
             1887     801     988     792     988     792
              988     792     987     792     988     792
              988     792     990    1662     988     792
              961

          name 4
              989     793     987     792     988     793
             1887     801     988     792     988     792
              987     792     988     792     998     782
              988    1664    1888     801     988

          name 5
              989     792     988     792     988     791
             1889     800     988     792     989     792
              986     792     989     792     987     793
              986    1666    1888    1672     961

          name 6
             1017     762    1017     765    1015     768
             1919     767    1016     763    1015     764
             1014     766    1017     764    1015     766
             1015    1633    1016     766    1922

          name 7
             1015     765    1014     766    1014     765
             1923     765    1018     762    1016     765
             1014     765    1015     765    1015     765
             1015    1639    1013     765    1015     765
              988

          name 8
              990     792     988     792     988     792
             1887     801     988     792     988     791
              988     795     985     795     985    1668
             1884     801     988     792     988

          name 9
              986     794     986     794     986     794
             1886     802     986     794     986     794
              986     794     985     794     986    1667
             1885     801     986    1668     958

          name 0
              983     800     979     801     982     799
             1877     811     979     821     959     801
              979     801     980     799     981     799
              981     799     980     799     981     821
              959

          name tuner
              984     797     983     796     984     797
             1883     805     983     797     983    1668
              985     794     985     795     985     795
              985     797     983     796     983     797
              957

          name dsr/aux
              986     792     988     794     986     794
             1885    1674     986     795    1885    1674
              987     793     987     793     987     792
              988     794     986     794     959

          name cd
              974     795     985     797     983     797
             1882    1677    1883     806     983    1669
              984     794     988     792     986     794
              985     796     984     796     957

          name tape
              909     868     914     869     909     870
             1811     876     912    1740    1809    1752
              909     872     908     870     908     871
              909     871     912     868     884

          name dcc
              982     801     979     800     979     822
             1858    1679     983     798     982     821
              959     798     982     801     978     821
              959     801     979     801     978     801
              954

          name phono
              985     797     982     799     981     799
             1881    1677    1882    1679     981     801
              978     802     980     799     981     799
              981     799     981     798     954

          name mute
             1014     768    1012     767    1012     767
             1922     765    1016     763    1015     768
             1012     768    1012     768    1011    1638
             1016     765    1922    1640     990

          name display_mode
              983     800     978     802     981     799
             1878     815     974     801     979     801
              979     801     978     801     981    1668
              983     801     978     801     979     801
              952

          name off
              985     796     983     796     984     797
             1883     805     983     797     983     797
              985    1666     984     797     983     797
              983     797    1883    1676     956

          name station_down
              985     797     983     796     984     797
             1882     806     983     797     983    1667
              985     795    1883     806     983     797
              984     795     986    1665     958

          name station_up
              985     793     986     797     983     797
             1881     805     983     799     981    1670
              983     797    1882     806     983     797
              984     795     990     790     983

          name down
             1036     742    1041     740    1040     740
             1936    1623    1039     741    1940    1621
             1938     749    1040     741    1040     739
             1040    1613    1010

          name up
              985     797     983     797     983     797
             1882    1677     985     795    1884    1675
             1885     804     986     793     985     795
              985     795     986

          name cd_stop
              985     797     985     795     986     794
             1885    1684    1875     804     985    1667
              984     796    1889    1670     986     793
             1887

          name cd_play
              985     794     986     794     986     793
             1885    1675    1885     803     986    1667
              986     795    1885    1674    1886    1676
              980

          name cd_back
              998     783     988     791     986     794
             1888    1675    1884     801     988    1666
             1884     804     985     795     985     795
              986    1666     958

          name cd_pause
              990     792     988     792     988     792
             1886    1673    1888     801     987    1665
              988     792    1886     801     987     794
              986     795     985

          name cd_next
              988     792     987     795     987     792
             1886    1674    1885     803     986    1665
             1888     800     988     792     987     793
              988     792     988

          name tape_play_backward
              987     794     986     794     988     792
             1888     801     985    1665    1888    1672
             1887    1674     986     794     986     793
              986     794     959

          name tape_play_forward
              987     794     985     794     986     794
             1886     804     984    1665    1886    1677
              984     795    1883    1677    1885    1674
              959

          name tape_stop
              986     794     986     793     986     796
             1883     804     985    1667    1884    1677
              985     793    1886    1675     985     795
             1885

          name tape_backward
              988     794     986     794     986     794
             1885     801     988    1665    1884    1675
              988     792    1888     802     986    1666
             1885

          name tape_forward
              988     794     986     794     985     794
             1886     803     984    1666    1886    1677
              983     796    1883    1676    1884     806
              983

           name tape_pause
              908     871     910     868     912     869
             1812     878     908    1743    1810    1750
              909     871    1808     878     912     867
              912     868     912

          name tape_record
              987     795     985     795     985     794
             1886     803     986    1665    1885    1676
              986     794    1885    1674     986     794
              986     794     958

          name volume_+
              987     792     988     792     988     795
             1884     809     980     793     987     792
              989     793     985    1666    1886     803
              985     794     985     795     988

          name volume_-
              987     794     987     794     985     794
             1886     803     986     794     986     793
              988     792     988    1663    1887     801
              988     792     988    1666     959

      end raw_codes

end remote
