# this config file was automatically generated
# using lirc-0.6.5(serial) on Sat Nov  2 02:13:20 2002
#
# contributed by Predrag Perkovic (perkovic@t-online.de)
#
# brand: Grundig
# model:rc300 
# supported devices: TV
#

begin remote

  name   RC300
  flags CONST_LENGTH|RAW_CODES
  eps            30
  aeps          100

  ptrail        504
  repeat     0     0
  gap    135257

      begin raw_codes

          name 1
              501    2668     510     546     502     555
              502     555     502     554     505     552
              502     554     508     549     503     554
              508     549     503   20631     503    2667
              503     554     503    1082     509     547
              503     553    1040    1074    1048    1066
              503     554     503

          name 2
              502    2667     503     553     503     554
              503     553     504     553     504     553
              504     554     502     553     504     553
              504     553     503   20633     501    2667
              505    1082    1030    1082     504     552
             1033    1081    1032    1082     506     551
              503

          name 3
              516    2653     518     538     518     540
              518     540     516     539     518     540
              517     540     517     539     518     539
              517     540     517   20630     506    2650
              520     538     519     538     519    1065
              520     537    1019    1094    1020    1094
              520     537     520

          name 4
              515    2652     515     541     499     559
              487     570     485     572     485     569
              490     568     492     565     498     558
              523     534     523   20613     490    2680
              487    1096     480     576    1016    1097
             1019    1096    1021    1093     523     534
              522

          name 5
              491    2679     498     559     506     550
              523     534     522     536     520     537
              520     535     521     537     520     547
              509     537     520   20614     522    2648
              521     536     521    1063    1021    1095
             1018    1095    1019    1094     520     537
              519

          name 6
              519    2649     521     537     519     537
              520     555     502     538     519     536
              520     556     500     539     518     539
              518     537     520   20615     519    2651
              519    1065    1021     586     477    1087
             1020    1092    1021    1094     519     537
              520

          name 7
              516    2648     522     537     520     537
              520     536     520     537     520     537
              520     537     520     538     518     539
              518     537     520   20614     519    2652
              518     537     520     539     518     537
              520    1066    1019    1094    1019    1095
              518     538     519

          name 8
              535    2633     550     507     552     505
              554     502     554     503     562     495
              565     491     565     491     563     494
              561     497     570   20564     562    2609
              563    1021     564     493     561     497
             1073     509     553    1032    1074    1039
              552     505     551

          name 9
              503    2667     503     553     504     552
              504     554     503     553     504     553
              504     552     504     553     504     552
              505     552     504   20631     504    2665
              505     553     504    1081     504     551
             1034     554     503    1080    1033    1083
              502     553     504

          name 0
              501    2668     503     554     503     553
              503     553     504     554     503     553
              503     554     503     553     503     554
              503     554     503   20631     503    2668
              502    1098     499     542     503     553
              508     549    1032    1081    1032    1082
              503     554     506

          name P+
              499    2666     504     553     504     552
              505     552     504     554     503     554
              503     553     504     552     504     553
              504     554     503   20630     504    2666
              504    1080    1033    1081    1032    1081
             1033     553     504    1080     505     552
              504

          name OK
              516    2653     516     537     520     538
              518     537     520     538     519     537
              519     539     518     538     518     537
              521     536     520   20616     518    2652
              518    1065     521     536     520     537
              520     538     518     539     518     538
             1019    1094     519     538     519

          name P-
              502    2667     503     553     504     554
              503     553     503     553     504     552
              505     553     504     553     503     553
              504     553     504   20631     503    2667
              503     552     505     552     504    1081
             1033    1081    1032     554     503    1081
              505     552     504

          name EAST
              500    2666     503     554     515     543
              508     549     520     547     499     547
              535     521     513     543     511     546
              524     533     535   20600     515    2654
              510     547     502    1082     521     537
             1031    1082     568     489    1038    1075
              533     523     550     125      48

          name WEST
              503    2666     504     552     505     554
              503     553     503     553     504     555
              502     552     505     554     502     554
              503     552     505   20630     504    2668
              502    1080     505     553     504     552
             1033    1080     505     553    1032    1081
              504     553     504

          name DISH
              514    2655     517     539     518     538
              516     541     516     541     518     539
              519     537     517     540     516     540
              518     537     518   20619     517    2652
              516    1069     516     540    1018     587
              470     570     513    1069    1018    1096
              504     553     504

          name TV
              490    2678     492     565     485     572
              478     578     486     570     491     564
              495     563     501     556     522     534
              523     534     522   20615     482    2688
              485     568     493    1094    1021     564
              523     536     520    1062    1022    1091
              523     534     522

          name POWER
              516    2650     520     537     519     539
              504     552     518     539     504     552
              518     539     504     551     519     540
              504     552     505   20629     517    2654
              503    1081    1018    1096     517     541
              503     553     504     553    1031    1081
              505     552     504

      end raw_codes

end remote
