#
# this config file was automatically generated
# using lirc-0.6.6(any) on Tue Nov 11 18:14:55 2003
#
# contributed by Harald Gutmann
#
# brand: Grundig
# model no. of remote control: Grundig TP660
# devices being controlled by this remote: tv and video
#
# all buttons are listed form top left to top right and downwards
# buttons number one is the first at top left, button number two is
# the second top left, and so on...
# the three gray buttons at bottom left are not in this config, so the
# last one (number 41) is the clockbutton!

begin remote

  name   Grundig-TP660
  flags CONST_LENGTH|RAW_CODES
  eps            30
  aeps          100

  ptrail          0
  repeat     0     0
  gap    135347

      begin raw_codes

          name 1
              651    2519     653     404     629     428
              653     404     653     405     653     406
              653     407     648     406     651     406
              653     405     652   20497     626    2548
              649     406     653     933    1181     404
              653     404     653     405     652     935
              651     406     653     404     653

          name 2
              648    2521     651     406     626     431
              627     431     628     429     653     404
              628     429     653     404     654     404
              652     407     651   20498     651    2519
              652     934    1181     934    1156     431
              651     406     651     936     626     431
              651     406     651

          name 3
              650    2522     627     429     628     429
              628     429     628     429     628     431
              627     430     627     431     652     405
              653     404     653   20495     653    2520
              651     934    1182     405     651     406
              653     404     653     404     653     934
              651     406     651     407     652

          name 4
              649    2521     628     429     628     429
              628     429     629     429     652     405
              653     406     651     406     651     407
              650     406     627   20521     628    2545
              651     407     626     431     651     934
             1156     431     650     407     626     960
              652     405     627     431     650

          name 5
              627    2546     626     428     629     429
              628     430     628     430     626     432
              625     431     627     430     627     430
              653     405     652   20498     626    2545
              626     961    1180     405     652     405
              653     933    1181     934     653     404
              653     406     651

          name 6
              624    2547     651     404     627     431
              651     406     651     409     650     406
              627     431     652     405     651     407
              650     406     651   20497     650    2523
              649     936     626     431    1181     406
              651     406     651     406     651     936
              651     406     651     408     650

          name 7
              650    2520     651     406     651     406
              651     407     651     406     651     406
              651     406     651     407     651     406
              651     406     651   20498     651    2521
              651     936     651     406    1179     935
             1180     407     649     938     649     408
              649     408     649

          name 8
              648    2522     651     406     651     406
              651     407     651     406     651     406
              651     406     651     408     651     407
              649     408     651   20496     651    2523
              649     408     651     934     651     406
             1180     407     651     406     651     936
              649     408     649     408     649

          name 9
              652    2520     651     406     651     407
              651     406     651     406     651     406
              651     406     651     407     651     408
              649     408     649   20499     650    2521
              651     936     651     406     651     406
             1179     408     649     408     649     938
              649     408     649     408     649

          name 10
              648    2521     651     406     651     407
              651     406     651     406     651     408
              649     408     649     408     649     409
              649     408     649   20500     649    2523
              649     936     651     406     651     408
              649     409    1178     406     649     938
              649     408     649     408     649

          name 11
              649    2521     651     406     651     406
              651     406     651     406     651     407
              651     406     651     406     651     408
              649     408     650   20498     651    2522
              649     407     651     935     649     408
              650     408    1178     939     648     408
              649     408     649     409     624

          name 12
              650    2521     651     406     651     406
              651     406     651     406     651     406
              651     409     649     408     649     408
              650     407     649   20502     648    2522
              649     936    1179     935     651     408
             1177     938     649     408     649     408
              649     408     625

          name 13
              647    2523     651     406     651     406
              651     406     652     406     651     406
              651     406     651     408     649     408
              649     408     650   20499     650    2521
              651     406     651     408     649     936
              651     406    1179     937     647     410
              649     408     623     435     624

          name 14
              650    2522     649     406     653     405
              651     406     651     408     649     408
              649     408     649     408     650     408
              649     408     649   20500     649    2523
              649     936    1178     938     649     408
              649     408     623     434     623     435
              624     433     623     434     625

          name 15
              646    2524     647     410     623     435
              622     435     623     434     623     434
              623     435     596     461     596     463
              594     463     594   20554     620    2551
              596     991     596     461    1099    1016
             1097    1019     567     490     543     514
              543     514     543

          name 16
              621    2549     647     410     623     434
              623     435     622     435     622     435
              622     435     596     461     596     463
              594     464     594   20553     623    2549
              622     435     598     989    1123     991
             1099    1017     568     490     567     490
              545     512     545

          name 17
              647    2522     649     408     649     408
              647     410     623     435     623     434
              623     434     623     436     621     437
              596     461     620   20527     623    2551
              621     964    1150     436     596     989
             1126     991     594     463     569     488
              569     488     570

          name 18
              646    2525     647     410     647     410
              623     434     623     435     622     435
              622     435     622     435     623     434
              623     436     595   20553     622    2550
              622     435     622     965     620     437
             1125     989     596     463     594     463
              594     464     569     488     569

          name 19
              646    2524     647     410     622     435
              623     434     623     434     621     437
              622     435     620     437     623     434
              596     463     594   20554     621    2551
              622     964     596     461     596     462
             1123     991     569     488     570     489
              568     490     542     515     543

          name 20
              645    2522     649     410     648     410
              622     435     622     435     623     434
              623     434     623     435     622     435
              596     463     594   20554     622    2549
              623     434     623     434     596     462
              596     991    1125     989     569     488
              569     490     567     490     545

          name 21
              645    2525     647     410     647     410
              647     410     623     434     623     435
              622     435     622     435     596     463
              594     463     596   20552     622    2551
              621     964     621     436     621     437
             1123     463     570    1017     568     489
              568     489     568     490     544

          name 22
              645    2524     648     410     622     435
              623     434     623     434     623     435
              622     437     620     437     596     461
              596     461     594   20556     620    2551
              620     435     622     965     621     436
             1126     461     569    1018     569     488
              567     490     545     512     545

          name 23
              645    2525     647     408     649     410
              623     434     623     434     623     435
              622     435     620     437     596     461
              596     461     596   20554     621    2550
              621     437     596     461     596     461
              596     991     594     463     569     488
              570     487     570     487     545     514
              544

          name 24
              647    2523     624     433     649     408
              625     434     623     435     620     437
              622     435     621     436     596     461
              596     462     596   20553     621    2551
              621     965    1124     461     596     991
              596     461     594     463     570     487
              570     488     569     490     543

          name 25
              645    2524     649     409     623     434
              622     435     621     436     623     434
              621     436     623     435     622     435
              596     463     594   20554     620    2553
              621     964    1124     990    1099     488
              568    1017     569     488     545     514
              543     514     543

          name 26
              648    2525     647     408     624     433
              624     435     622     435     622     435
              621     436     621     437     620     437
              596     461     596   20554     620    2550
              622     964     596     463     594     463
              594     463    1097    1018     569     488
              569     488     545     512     545

          name 27
              645    2525     647     410     647     410
              647     410     622     435     623     434
              623     434     623     435     622     435
              596     461     598   20552     622    2549
              623     434     623     434     596     991
             1126     461     594     991     571     488
              567     490     568     489     545

          name 28
              646    2524     623     434     648     410
              622     435     622     435     623     434
              623     435     622     435     622     437
              596     461     596   20554     620    2551
              621     436     620     965    1126     988
              596     463     570     488     569     488
              567     490     545     512     545

          name 29
              648    2522     649     408     625     433
              647     410     622     435     622     435
              623     436     621     436     621     436
              597     461     596   20553     621    2551
              620     964     623     435    1125     991
              594     463     594     463     595     463
              569     488     569     488     545

          name 30
              622    2549     647     410     623     435
              622     435     622     435     623     434
              623     434     598     459     623     436
              595     463     596   20551     623    2551
              621     435     622     964    1124     463
              568     488     569    1018     569     488
              567     490     568     490     545

          name 31
              648    2521     650     408     623     434
              623     435     622     435     622     435
              623     436     621     436     621     437
              620     437     596   20556     618    2551
              620     437     620     437     596     989
             1126     461     596     461     569    1018
              569     488     569     488     570

          name 32
              647    2522     649     410     623     434
              623     435     622     435     623     434
              623     434     623     434     623     435
              596     463     594   20555     621    2549
              623     964     620     437     596     461
              596     461     570     488     569     488
              569     490     567     490     543     515
              542

          name 33
              646    2523     649     408     647     410
              623     434     623     434     623     435
              622     435     622     437     621     436
              621     437     595   20552     622    2552
              620     435     622     964    1126     461
              594     991     596     463     570     487
              570     488     567     490     545

          name 34
              647    2523     649     408     649     408
              649     408     622     435     622     435
              623     436     621     436     621     437
              621     436     596   20554     620    2551
              623     962     623     434    1126     461
              596     991     596     461     594     463
              594     463     570     487     570

          name 35
              647    2523     649     408     649     410
              647     410     623     435     622     435
              623     434     623     434     623     434
              621     437     595   20555     620    2551
              622     965    1123     461     596     462
              595     464     594     991     595     462
              569     490     567     490     567

          name 36
              647    2522     649     408     649     409
              650     410     647     410     622     435
              623     434     623     434     597     461
              622     435     596   20553     621    2551
              623     434     623     434     596     991
              621     436     596     462     596     461
              569     488     569     488     569     490
              568

          name 37
              646    2525     649     408     622     434
              623     435     622     435     622     435
              622     435     622     435     623     437
              596     461     594   20553     623    2549
              622     965     622     435    1125     462
              594     463     594     992     595     463
              594     463     569     488     570

          name 38
              645    2523     649     408     625     432
              625     434     623     435     622     435
              622     436     621     435     623     434
              623     434     596   20554     620    2551
              623     434     596     462     596     990
             1124     991     596     461     569     488
              570     487     570     489     543

          name 39
              648    2525     647     408     649     408
              649     408     625     434     623     434
              623     435     622     435     622     435
              621     436     596   20554     622    2549
              622     963    1152     964    1124     991
              596     461     569     488     570     487
              570     487     570

          name 40
              647    2524     648     408     649     408
              649     408     623     435     622     437
              620     437     621     436     621     436
              596     462     596   20552     622    2551
              622     435     621     964     622     435
              622     437     596     461     594     463
              570     488     569     488     569     488
              569

          name 41
              648    2523     649     408     649     408
              624     435     647     410     623     434
              623     434     623     435     622     435
              596     461     596   20554     621    2549
              623     435     623     964    1150     435
              596     991    1123     991     596     461
              570     487     570

      end raw_codes

end remote
