#
# this config file was automatically generated
# using lirc-0.6.3(sir) on Mon Apr 30 23:54:54 2001
#
# contributed by  juergen.reisig@gmx.de 
#
# brand:        Grundig
# model:	TP623             
# supported devices: TV T55-540 Text
#

begin remote

  name   TP623
  flags CONST_LENGTH|RAW_CODES
  eps            30
  aeps          100

  ptrail          0
  repeat     0     0
  gap    134341

      begin raw_codes

          name 1
              527    2612     530     518     530     517
              530     539     530     518     529     517
              531     517     529     518     530     517
              530     517     530   20459     531    2633
              530     517     531    1040     530     517
              531     517    1020    1074     530     517
              530     517     553     517     530

          name 2
              528    2613     529     517     531     539
              529     517     530     518     530     517
              529     518     530     517     530     517
              531     518     529   20459     530    2634
              530    1040    1022    1073     530     517
             1021    1074     531     517     551     517
              530     517     530

          name 3
              527    2612     551     518     530     518
              529     517     531     517     529     518
              530     518     529     517     530     518
              530     517     530   20480     531    2612
              529     517     530     518     530    1040
              531     518    1019    1096     531     517
              529     518     530     517     530

          name 4
              550    2612     530     517     531     516
              530     518     530     517     530     517
              530     518     529     539     530     517
              531     517     529   20460     530    2611
              530    1041     530     518    1042    1074
             1021    1073     531     516     530     518
              530     518     529

          name 5
              528    2612     530     518     551     517
              530     518     529     518     529     518
              530     517     530     517     531     517
              530     517     529   20461     529    2633
              530     518     530    1040    1022    1074
             1021    1073     529     540     530     517
              530     517     531

          name 6
              528    2611     531     517     530     517
              531     517     530     538     531     518
              529     517     530     517     530     518
              529     518     531   20458     530    2611
              552    1042    1020     550     530    1041
             1021    1074     530     517     530     518
              529     517     552

          name 7
              528    2633     530     517     531     517
              529     518     531     517     529     517
              530     517     531     518     529     517
              552     517     530   20459     530    2612
              529     518     530     517     531     517
              529    1041    1043    1074     530     518
              529     517     531     517     529

          name 8
              529    2612     529     517     530     540
              530     517     530     517     531     518
              528     518     530     517     530     518
              529     517     531   20458     530    2634
              530    1041     529     518     531     517
             1020     550     531    1040     530     517
              552     518     529     518     530

          name 9
              529    2634     529     517     530     517
              531     517     530     517     531     517
              529     518     529     518     530     517
              530     539     531   20458     529    2613
              530     517     529    1042     530     517
             1021     550     552    1041     530     517
              530     518     529     517     531

          name 0
              529    2612     529     517     530     518
              530     517     530     517     553     517
              529     518     530     518     529     517
              530     518     530   20458     530    2612
              530    1063     529     518     530     517
              530     517    1021    1073     531     517
              530     518     529     517     531

          name Text-1
               39    1870     528     518     552     517
              530     517     530     517     531     517
              529     518     531     517     529     518
              529     518     531   20457     530    2634
              530    1041    1021    1074    1021     549
              531     517     529    1064     529     517
              531     517     530

          name Text+1
              529    2611     530     517     530     539
              531     516     531     517     530     518
              529     517     531     517     529     518
              530     517     530   20458     531    2634
              530    1040    1022     550     529     518
              530     517     530     518     529    1041
              531     539     529     518     530

          name Stop
              527    2612     530     517     531     517
              529     518     530     517     530     517
              551     518     530     517     530     517
              531     517     529   20460     530    2611
              530     517     531     539     530    1041
             1021     550     530     517     530    1041
              530     517     530     518     529

          name Revealing
               39    1872     552     517     529     518
              530     517     530     517     530     517
              531     517     529     518     531     517
              529     517     530   20482     529    2612
              530    1042    1020     550     530     518
              529    1041    1043    1073     530     518
              530     517     530

          name TvText
              528    2635     529     517     531     517
              529     518     530     517     530     517
              530     518     530     517     550     518
              530     518     529   20459     531    2612
              529    1041     530     518     529     517
              552     518    1020     550     531    1041
              529     517     531     518     529

          name ContrastMinus
              528    2611     530     517     553     517
              529     518     529     518     530     517
              530     517     531     518     529     517
              531     517     529   20459     530    2634
              530     516     531    1041    1021    1073
              531     517     529     518     530     539
              530     517     530     518     529

          name ContrastPlus
              528    2612     530     517     530     518
              557     511     531     518     529     517
              530     517     531     518     528     518
              530     517     530   20459     530    2634
              529    1041     531     517    1020    1074
              531     516     530     518     530     517
              530     517     552     518     529

          name ColourMinus
              529    2611     530     540     530     518
              529     517     530     518     530     516
              530     518     531     517     529     517
              530     518     529   20459     552    2612
              530     517     530    1041    1020     551
              530    1041     529     518     553     517
              529     517     530     518     530

          name ColourPlus
              527    2612     531     517     529     518
              530     517     530     518     529     518
              530     539     530     517     531     518
              528     518     530   20459     529    2612
              530    1040     531     539    1022     549
              530    1040     531     518     529     517
              530     517     530     519     528

          name BrightnessMinus
              528    2633     530     518     529     518
              530     517     530     518     529     517
              532     517     529     517     552     518
              529     518     530   20458     531    2612
              529     517     531     517     529    1041
             1043    1074     530     518     529     517
              530     518     530     518     529

          name BrightnessPlus
              528    2612     530     517     530     517
              530     518     551     517     530     518
              529     518     529     518     530     517
              530     517     531   20458     530    2633
              531    1041    1020    1074    1021    1074
              530     517     530     517     531     517
              529     539     530

          name i
              528    2612     530     518     530     517
              530     517     530     518     529     517
              530     518     551     518     529     518
              530     517     530   20459     530    2612
              529     517     530    1042    1042     550
              530    1041    1021    1074     529     518
              530     518     529

          name Mute
              527    2634     530     517     530     518
              529     518     530     517     530     517
              530     517     531     516     531     517
              551     518     529   20459     531    2612
              529     517     530    1042     529     517
              530     518     551     517     531     517
              530     518     529     517     531     517
              529

          name Standby
              528    2612     530     518     529     517
              530     518     530     539     530     517
              530     518     529     517     531     517
              529     518     530   20459     529    2613
              529    1063    1021    1074     530     517
              530     517     530     518     529     517
              530     518     529     518     530

          name PC
              528    2634     530     517     530     518
              529     518     529     517     531     517
              530     517     531     517     529     540
              530     518     529   20458     531    2611
              531    1040    1021    1073    1022     572
              529    1041     531     517     529     517
              531     517     530

          name Prog+
              527    2612     529     518     530     518
              529     517     531     518     529     517
              530     539     530     517     530     517
              531     517     529   20459     531    2612
              529    1041    1043    1073    1021    1074
             1021    1074     529     518     530     517
              530

          name Prog-
              528    2634     530     517     531     517
              529     518     529     518     530     517
              530     518     530     517     530     539
              530     518     529   20458     531    2611
              530     519     528     517     531    1041
             1043    1073    1021    1074     529     518
              530     517     530

          name Vol+
              528    2612     530     539     530     518
              529     517     531     517     530     517
              531     517     530     517     529     518
              530     517     530   20459     553    2611
              530    1040     531     517     530     517
             1021    1074     529     518     552     517
              530     517     531     517     530

          name Vol-
              528    2612     530     517     552     517
              529     518     530     517     531     516
              530     518     530     518     529     517
              531     518     528   20459     531    2632
              531     518     529    1041     530     517
             1022    1073     530     517     531     539
              529     517     530     518     531

          name OK
              529    2611     530     517     530     518
              529     518     529     518     530     539
              530     517     531     517     529     517
              531     517     530   20459     529    2612
              531    1062     530     517     531     517
              530     517     530     518     529     517
              530     518     529     518     530     517
              531

          name VideoLeft
               39    1870     528     517     530     539
              530     517     530     517     530     518
              529     518     531     517     529     517
              530     518     530   20458     530    2633
              531     517     530     517     531     517
              529    1041    1021    1074     530     517
             1043    1073     531

          name VideoRight
              528    2612     530     540     528     518
              530     517     530     518     529     517
              531     517     530     517     531     517
              529     518     529   20460     551    2612
              530    1042     529     517     530     518
             1020     550     530    1042     551     517
             1022    1073     530

          name VideoPlay
              528    2634     529     518     530     517
              530     517     531     517     530     517
              530     518     529     517     530     540
              530     518     529   20458     531    2612
              529    1041    1021    1074    1021    1095
              530     517     531     516    1022    1073
              530

          name VideoPause
               39    1866     529     517     530     517
              531     517     551     518     530     518
              529     517     530     518     529     518
              529     518     530   20459     530    2633
              531     517     529     518     530    1041
             1020    1075     529     518     529     518
             1021    1096     530

          name VideoStop
               39    1899     529     518     529     517
              531     517     530     517     531     517
              529     518     530     517     530     517
              530     539     531   20458     529    2612
              531    1041     529     518    1021     549
              530    1064     529     518     529     518
             1021    1073     531

          name VideoRecord
              528    2612     530     517     530     517
              531     517     530     517     551     518
              529     517     530     518     530     518
              529     517     531   20459     529    2612
              530     540     530    1040    1022     550
              529    1041     531     517     529     518
             1020    1074     530

      end raw_codes

end remote

