#
# this config file was automatically generated
# using WinLIRC 0.6.5 (LIRC 0.6.1pre3) on Sun May 23 12:09:45 2004
#
# contributed by Franz-Josef Michiels
#
# brand:             Pearl Agency (www.pearl.de) / Q-Sonic Technologies
# model:             Q-Sonic Master Remote PC/TV (Universal RC),
#                    Art. No.: PE-9999
# supported devices: programmed to IR Code 115 (for Philips-TV)
#

begin remote

  name   Q-Sonic
  flags RAW_CODES
  eps            30
  aeps          100

  ptrail          0
  repeat     0     0
  gap    25374


      begin raw_codes

          name Power
             8554    4078     594     409     597     408
              603    1465     595     408     602    1468
              601     404     601     407     600     396
              609    4081     593    1472     594    1476
              590    1477     590    1475     593    1473
              599     406     598     403     604     404
              601

          name Channel+
             8568    4066     589     413     588     414
              597    1471     590     414     598    1474
              592     411     595     412     601     404
              601    4091     584     418     589     413
              589     413     593     415     592    1474
              590    1475     594     412     593     409
              594

          name Channel-
             8571    4066     584     416     590     417
              595    1474     590     410     602    1473
              589     413     597     411     601     401
              607    4086     585     416     590     415
              593    1475     592     413     594    1475
              592    1474     591     412     595     411
              598

          name Volume+
             8558    4066     636     371     627     378
              628    1437     634     374     627    1441
              624     376     631     373     631     376
              634    4053     630     376     626     378
              628     373     631    1438     631    1435
              630     371     632     372     626     376
              633

          name Volume-
             8573    4062     629     374     629     374
              629    1437     632     375     625    1441
              630     372     634     372     630     370
              626    4062     631     376     623     378
              634    1435     626    1441     631    1435
              632     374     628     373     627     381
              633

          name M
             8590    4053     626     374     631     374
              629    1439     627     379     623    1444
              627     377     629     372     636     369
              627    4062     624    1445     628    1436
              627     380     627    1440     626    1439
              628     374     635     370     627     375
              630

          name 1
             8584    4052     633     372     631     374
              630    1440     623     380     631    1442
              628     374     635     371     630     375
              630    4061     626    1441     623     377
              631     374     628     379     628     376
              636     369     628     375     630     376
              626

          name 2
             8578    4049     634     372     628     374
              634    1431     632     379     633    1432
              633     368     633     370     627     378
              632    4055     627     380     626    1436
              631     376     625     383     630     371
              632     373     625     380     624     377
              627

          name 3
             8558    4067     626     369     629     381
              623    1440     629     373     632    1440
              625     375     632     375     629     372
              633    4059     626    1440     628    1443
              628     372     632     375     624     376
              628     382     632     369     632     378
              628

          name 4
             8565    4064     633     369     628     377
              632    1438     631     373     628    1438
              629     376     630     373     631     374
              629    4062     628     373     629     374
              624    1440     630     379     634     373
              628     376     632     373     629     376
              628

          name 5
             8566    4062     624     379     628     375
              631    1436     635     366     623    1444
              625     376     632     371     628     374
              631    4063     624    1445     628     374
              629    1434     628     376     626     379
              629     373     629     381     623     379
              630

          name 6
             8560    4065     631     366     638     372
              628    1432     628     383     627    1438
              630     371     633     377     625     376
              632    4060     621     377     628    1443
              626    1441     626     376     630     375
              628     379     630     376     635     372
              631

          name 7
             8578    4058     628     374     627     376
              631    1434     628     377     637    1436
              623     377     623     382     630     370
              636    4055     631    1434     633    1436
              631    1439     624     378     631     375
              631     372     629     376     624     383
              629

          name 8
             8572    4056     630     374     630     379
              629    1436     629     376     629    1435
              637     369     629     377     629     372
              628    4067     627     379     633     370
              629     374     634    1436     623     377
              633     372     626     375     628     374
              636

          name 9
             8579    4051     625     373     629     375
              630    1438     629     378     626    1437
              632     369     632     373     626     377
              631    4057     637    1428     628     376
              622     384     622    1438     632     372
              629     378     627     377     631     374
              630

          name 0
             8567    4056     628     374     635     372
              631    1439     627     376     630    1436
              623     383     633     369     629     370
              634    4058     629     373     626     376
              634     371     626     379     626     378
              627     376     633     374     635     374
              633

          name -/--
             8576    4061     627     376     633     374
              629    1437     630     374     630    1436
              629     371     639     370     634     369
              636    4057     624     372     626    1442
              629     379     628    1435     624    1445
              626     376     622     373     636     372
              630

          name AV
             8582    4052     629     374     630     376
              629    1438     628     376     633    1434
              629     377     625     375     628     374
              634    4058     627     375     628    1437
              630    1435     635    1434     629    1443
              628     374     632     374     633     371
              634

          name MENU
             8572    4057     627     372     632     371
              635    1431     630     374     635    1440
              628     373     630     371     629     374
              633    4056     624    1442     628     374
              634    1431     635    1438     630     372
              636     368     628     383     630     378
              629

          name EXIT
             8560    4062     626     378     633     373
              626    1437     634     374     631    1434
              625     381     624     375     629     373
              637    4057     630     374     623     379
              635     372     631    1439     631    1442
              627    1440     625     377     633     367
              631

          name Teletext_ON
             8594    4045     627     373     628     375
              630    1440     628     375     634    1435
              628     371     633     373     636     367
              631    4058     628     378     631    1442
              632    1435     629     372     629    1435
              628     373     630     374     630     371
              632

          name Teletext_OFF
             8579    4058     626     373     627     371
              630    1437     627     374     631    1437
              633     371     634     378     627     376
              627    4065     630    1433     633    1439
              630    1433     629     377     622    1445
              625     379     623     378     634     377
              617

          name Teletext_HOLD
             8581    4054     632     373     633     372
              630    1437     626     372     634    1436
              625     379     629     375     628     374
              634    4060     633    1431     629     373
              628    1438     628     379     632    1433
              630     374     633     374     626     377
              632

          name Info_PLUS
             8565    4063     630     369     631     377
              631    1435     626     375     632    1432
              624     384     633     373     628     370
              630    4063     630    1436     629     375
              631     377     633     370     628    1440
              633     372     635     369     633     369
              639

          name Up
             8568    4058     627     375     626     371
              627    1442     634     372     630    1436
              625     382     630     371     630     374
              630    4063     635     366     636    1432
              628    1436     630    1434     636     370
              627     370     637     372     625     377
              627

          name Down
             8548    4065     631     372     630     373
              637    1427     634     372     625    1441
              626     373     633     374     629     371
              633    4060     628     375     630    1440
              626     376     630     370     633    1433
              629     375     629     380     626     378
              631

          name Left
             8572    4060     625     377     633     374
              631    1436     628     376     631    1437
              628     375     626     378     623     381
              627    4061     633    1433     630     377
              630    1437     631    1443     625    1442
              628     372     626     378     632     379
              628

          name Right
             8582    4055     626     376     630     375
              632    1441     629     372     628    1439
              631     370     633     372     627     372
              631    4059     627    1440     626     377
              633     371     628    1439     631    1439
              629     372     633     373     629     374
              635

          name OK
             8564    4064     632     372     629     376
              632    1433     635     370     629    1439
              624     376     632     375     634     367
              634    4060     628     374     634    1434
              628     373     628    1440     634    1433
              631     371     628     377     631     374
              628

          name Play
             8562    4063     628     374     636     369
              628    1439     634     369     632    1437
              633     372     631     370     635     369
              634    4061     628    1443     623    1441
              632     375     631    1440     628     373
              632     372     632     372     631     375
              631

          name <<
             8559    4064     631     373     633     374
              631    1434     620     378     630    1436
              633     375     628     375     637     365
              636    4059     624     376     631    1439
              631     372     634    1438     627     375
              633     372     631     375     635     370
              632

          name >>
             8568    4062     622     374     633     374
              627    1437     628     370     633    1432
              634     372     634     373     628     372
              629    4061     631     372     632     368
              628     372     630    1438     639     369
              627    1441     624     374     631     372
              636

          name Stop
             8586    4048     627     378     632     371
              628    1438     631     371     625    1441
              629     374     629     373     627     376
              632    4059     629    1438     628     383
              630     370     634    1435     628     373
              635    1433     632     373     632     373
              632

          name Pause
             8577    4053     630     372     632     364
              639    1427     635     376     628    1435
              634     375     625     377     633     370
              633    4056     631    1432     629    1438
              630    1434     629    1438     628    1439
              630    1436     632    1437     631    1434
              621

          name Record
             8581    4053     631     374     627     375
              631    1436     631     373     633    1435
              627     375     631     377     629     374
              627    4063     629     376     628     374
              630    1438     627     376     635    1435
              632     369     628     375     636     369
              628

      end raw_codes

end remote
