#
# this config file was automatically generated
# using lirc-0.6.6(serial) on Tue Dec  3 21:24:15 2002
#
# contributed by 
#
# brand:                       Seiko
# model no. of remote control: MDL-1100RM
# devices being controlled by this remote:
#

begin remote

  name   seiko
  flags CONST_LENGTH|RAW_CODES
  eps            30
  aeps          100

  ptrail        399
  repeat     0     0
  gap    54047

      begin raw_codes

          name power
             1201     504    1185     524    1165     503
              342    1329    1205     502     342    1329
              393    1298    1202     503     345    1326
              384    1306     384    1305     384

          name muting
             1200     503    1186     502    1187     503
              342    1328    1205     515     331    1328
              384    1305     384    1305     386    1303
              384    1307    1203     503     348

          name down
             1206     498    1185     502    1187     502
             1191     498     362    1323     397    1280
              398    1290    1205     526     339    1310
              390    1297     402    1288     407

          name up
             1201     504    1185     502    1187     502
             1186     503     342    1330     383    1306
              383    1305     385    1306     391    1297
              388    1310    1194     503     344

          name down2
             1201     503    1186     503    1186     502
             1187     502     366    1308     393    1294
             1204     502     367    1305     411    1279
              402    1286     396    1293     397

          name fast
             1201     503    1186     511    1178     502
             1187     502     342    1330     383    1306
              384    1305     383    1305    1204     504
              341    1329     384    1307     382

          name up2
             1200     505    1185     502    1187     502
             1187     502     343    1328     386    1305
              383    1305     385    1305     384    1305
             1204     502     348    1325     383

          name tuning
             1202     503    1186     502    1186     502
              351    1321    1204     503     347    1324
              385    1305     384    1307    1202     502
              348    1326     382    1305     384

          name auto
             1200     504    1190     522    1163     502
              367    1305    1204     503     342    1329
             1212     515     345    1305     396    1294
              409    1280     400    1303     379

          name cd
             1201     502    1186     503    1188     503
              351    1319    1204     502     351    1323
              383    1305     384    1305     402    1287
             1202     503     342    1330     383

      end raw_codes

end remote

