#
# this config file was automatically generated
# using lirc-0.8.0(default) on Sun Dec 31 16:40:02 2006
#
# contributed by 
#
# brand:                       Daewoo
# model no. of remote control: 97P1RA3AB0
# devices being controlled by this remote:
#

begin remote

  name   Daewoo_97P1RA3AB0
  flags RAW_CODES
  eps            30
  aeps          100

  ptrail          0
  repeat     0     0
  gap    21079

      begin raw_codes

          name Menu
             8066    3968     526    1479     530     477
              528    1478     529     489     531    1478
              529     475     528     477     529     475
              530    3978     530    1479     558     446
              530     474     532     487     502    1506
              528     477     558     446     530     476
              555

          name Volume+
             8039    3998     500    1509     526     477
              528    1482     527     516     502    1484
              528     478     501     503     529     478
              527    3981     502    1509     528    1479
              559     447     502     517     528     475
              528     480     496     506     528     478
              524

          name Volume-
             8068    3966     503    1507     502     504
              528    1484     528     487     504    1505
              502     503     528     477     529     476
              501    4010     528    1481     529     476
              501     505     526     490     557     449
              582     422     529     478     528     476
              527

          name Left
             8041    3994     501    1510     528     476
              529    1481     501     516     531    1481
              555     448     529     475     529     475
              531    3979     527     478     556    1454
              529     476     501    1521     531    1481
              501     504     527     476     530     479
              528

          name Rigth
             8092    3964     530    1481     501     502
              530    1480     503     517     502    1508
              501     503     530     475     529     476
              528    3980     530    1479     503     503
              502     504     531    1492     530    1480
              502     503     530     476     529     478
              528


          name Mute
             8068    3966     529    1479     531     476
              528    1480     499     519     500    1508
              530     473     504     502     501     505
              500    4009     526     476     527    1481
              529    1481     529    1496     530    1481
              556     448     527     476     501     504
              528

          name Red
             8037    3991     502    1535     475     531
              475    1510     499     543     474    1509
              499     532     531     447     528     479
              528    3981     554     446     556    1453
              532    1480     529     490     498     505
              528    1506     531     450     557     451
              498

          name Green
             8042    3991     528    1482     502     501
              530    1483     554     462     528    1482
              502     505     500     503     528     477
              529    3980     502    1509     500    1507
              529    1480     503     516     500     505
              529    1480     530     473     529     476
              503

          name Yello
             8069    3962     530    1480     502     503
              529    1480     503     515     529    1480
              529     476     530     475     529     476
              558    3951     530     473     557    1452
              531    1479     529     489     528    1483
              529     474     530     477     558     446
              530

          name Blue
             8061    3990     530    1480     503     502
              502    1509     557     461     501    1508
              500     503     530     477     529     476
              501    4006     530     478     529     473
              531     474     530    1494     501    1506
              530    1479     529     475     532     474
              529

          name 1
             8011    4018     559    1453     500     507
              529    1508     500     493     498    1534
              503     502     530     475     474     531
              473    4007     504    1509     526     502
              474     505     530     515     503     476
              499     530     476     529     474     531
              503

          name 2
             8067    3963     531    1483     526     503
              501    1483     500     519     556    1481
              501     475     502     529     502     478
              582    3927     527     477     528    1481
              500     505     527     491     527     478
              499     507     528     473     500     506
              531

          name 3
             8011    4018     504    1506     505     529
              475    1536     474     516     473    1563
              501     478     527     502     502     477
              558    3950     502    1507     501    1510
              498     531     476     520     498     506
              528     502     558     446     504     501
              476

          name 4
             8038    3992     526    1481     500     533
              502    1506     475     544     475    1509
              500     508     528     474     528     479
              555    3950     502     530     501     507
              473    1535     445     571     503     503
              501     506     471     531     473     533
              530

          name 5
             8040    3994     499    1534     505     475
              530    1483     526     490     528    1484
              499     504     531     477     582     446
              473    4009     500    1535     475     531
              502    1507     472     545     474     531
              446     536     498     505     498     532
              473

          name 6
             8009    4020     502    1535     476     530
              475    1513     495     543     504    1507
              502     501     506     475     555     475
              531    3980     502     477     500    1483
              582    1479     502     516     503     476
              502     529     529     453     498     529
              448

          name 7
             8012    4050     531    1448     530     477
              529    1482     498     542     476    1536
              476     530     475     530     475     527
              477    4003     531    1482     528    1483
              500    1537     474     543     475     530
              472     532     474     531     473     506
              499

          name 8
             8012    4017     504    1536     475     531
              502    1480     501     545     474    1534
              502     481     497     505     527     503
              474    4036     474    1508     529     501
              502    1507     474     544     475     530
              501     504     503     476     558     475
              502

          name 9
             8038    3991     531    1507     474     531
              503    1481     556     488     472    1511
              530     479     501     527     503     478
              498    4010     499    1536     503     475
              502     531     528    1494     531     474
              472     509     470     533     555     474
              504

          name 0
             8012    4023     529    1479     501     504
              585    1425     499     544     448    1560
              477     530     500     478     501     529
              478    4032     500     478     500     505
              528     476     501     521     498     530
              447     558     474     529     475     508
              470

          name Channel+
             8038    3993     504    1509     500     503
              528    1483     501     518     528    1480
              527     480     498     505     554     475
              504    3979     503    1508     529    1481
              528    1480     502     515     530    1480
              530     477     529     476     528     476
              528

          name Channel-
             8041    3995     501    1510     500     504
              528    1480     500     519     501    1509
              500     505     500     505     528     479
              499    4033     531     448     528     477
              528     479     501    1522     527    1482
              501     530     503     476     528     477
              528

          name Back
             8039    3995     529    1481     529     475
              502    1507     531     489     529    1480
              503     503     528     477     527     477
              529    3980     530    1481     500    1508
              530     476     529    1493     531     477
              528     476     500     506     528     475
              502

          name Play
             8089    3969     555    1455     526     475
              501    1507     504     515     530    1481
              530     478     527     477     528     476
              503    4007     525     479     529    1481
              528    1481     529    1494     502     502
              503     504     529     478     501     503
              529

          name Pause
             8041    3992     529    1506     475     505
              501    1509     503     516     500    1512
              528     475     499     506     502     502
              532    3977     503     504     501    1509
              527    1483     583    1439     501     505
              527     478     499     505     529     477
              527

          name Forward
             8071    3964     530    1480     503     503
              529    1482     525     493     527    1481
              529     477     500     504     529     478
              529    3980     528    1480     528    1482
              504    1508     500    1523     499     504
              557     448     501     503     528     477
              530

          name Rewind
             8117    3939     502    1507     530     477
              500    1509     502     517     500    1508
              500     504     533     474     529     476
              500    4007     530     475     502     503
              529     478     555     461     502    1508
              530     475     530     476     502     504
              500

          name Stop
             8068    3967     526    1509     502     475
              503    1509     500     542     503    1481
              530     479     524     479     500     528
              503    3981     528    1482     504     503
              527    1481     528    1495     528     478
              555     451     528     502     502     476
              529

          name Power
             8041    3995     502    1508     500     503
              530    1481     499     519     500    1508
              532     475     530     475     501     505
              556    3954     499    1509     527     504
              476    1507     503     517     557    1453
              501     505     528     479     497     508
              525

      end raw_codes

end remote
