# this config file was manually generated
# using WinLirc-0.6.5(serial) on 22.12.2005
#
# contributed by Maluta
#
# brand: Pioneer
# model: DVR-520
# tested with: PIONEER VIDEORECORDER

begin remote

  name   Pioneer_VXX2910
  flags CONST_LENGTH|RAW_CODES
  eps            30
  aeps          140

  ptrail          0
  repeat     0     0
  gap    179619

      begin raw_codes

          name power
             8570    4189     586    1547     586    1547
              586     467     586    1547     586     467
              586    1547     586     467     586    1547
              586     467     586     467     586    1547
              586     467     586    1547     586     467
              586    1547     586     467     586     467
              586     467     586    1547     586    1547
              586     467     586    1547     586     467
              586     467     586    1547     586    1547
              586     467     586     467     586    1547
              586     467     586    1547     586    1547
              586   25485    8570    4189     586    1547
              586    1547     586    1547     586    1547
              586     467     586    1547     586     467
              586    1547     586     467     586     467
              586     467     586     467     586    1547
              586     467     586    1547     586     467
              586     467     586     467     586    1547
              586    1547     586    1547     586    1547
              586     467     586    1547     586    1547
              586    1547     586     467     586     467
              586     467     586     467     586    1547
              586     467     586

          name display
             8570    4189     586    1547     586    1547
              586     467     586    1547     586     467
              586    1547     586     467     586    1547
              586     467     586     467     586    1547
              586     467     586    1547     586     467
              586    1547     586     467     586     467
              586     467     586    1547     586    1547
              586     467     586    1547     586     467
              586     467     586    1547     586    1547
              586     467     586     467     586    1547
              586     467     586    1547     586    1547
              586   25485    8570    4189     586    1547
              586    1547     586    1547     586    1547
              586     467     586    1547     586     467
              586    1547     586     467     586     467
              586     467     586     467     586    1547
              586     467     586    1547     586     467
              586    1547     586    1547     586     467
              586     467     586     467     586    1547
              586    1547     586    1547     586     467
              586     467     586    1547     586    1547
              586    1547     586     467     586     467
              586     467     586

          name 0
             8570    4189     586    1547     586    1547
              586     467     586    1547     586     467
              586    1547     586     467     586    1547
              586     467     586     467     586    1547
              586     467     586    1547     586     467
              586    1547     586     467     586     467
              586     467     586    1547     586    1547
              586     467     586    1547     586     467
              586     467     586    1547     586    1547
              586     467     586     467     586    1547
              586     467     586    1547     586    1547
              586   25485    8570    4189     586    1547
              586    1547     586    1547     586    1547
              586     467     586    1547     586     467
              586    1547     586     467     586     467
              586     467     586     467     586    1547
              586     467     586    1547     586     467
              586     467     586     467     586     467
              586     467     586     467     586    1547
              586     467     586    1547     586    1547
              586    1547     586    1547     586    1547
              586    1547     586     467     586    1547
              586     467     586

          name 1
             8570    4189     586    1547     586    1547
              586     467     586    1547     586     467
              586    1547     586     467     586    1547
              586     467     586     467     586    1547
              586     467     586    1547     586     467
              586    1547     586     467     586     467
              586     467     586    1547     586    1547
              586     467     586    1547     586     467
              586     467     586    1547     586    1547
              586     467     586     467     586    1547
              586     467     586    1547     586    1547
              586   25485    8570    4189     586    1547
              586    1547     586    1547     586    1547
              586     467     586    1547     586     467
              586    1547     586     467     586     467
              586     467     586     467     586    1547
              586     467     586    1547     586     467
              586    1547     586     467     586     467
              586     467     586     467     586    1547
              586     467     586    1547     586     467
              586    1547     586    1547     586    1547
              586    1547     586     467     586    1547
              586     467     586

          name 2
             8570    4189     586    1547     586    1547
              586     467     586    1547     586     467
              586    1547     586     467     586    1547
              586     467     586     467     586    1547
              586     467     586    1547     586     467
              586    1547     586     467     586     467
              586     467     586    1547     586    1547
              586     467     586    1547     586     467
              586     467     586    1547     586    1547
              586     467     586     467     586    1547
              586     467     586    1547     586    1547
              586   25485    8570    4189     586    1547
              586    1547     586    1547     586    1547
              586     467     586    1547     586     467
              586    1547     586     467     586     467
              586     467     586     467     586    1547
              586     467     586    1547     586     467
              586     467     586    1547     586     467
              586     467     586     467     586    1547
              586     467     586    1547     586    1547
              586     467     586    1547     586    1547
              586    1547     586     467     586    1547
              586     467     586

          name 3
             8570    4189     586    1547     586    1547
              586     467     586    1547     586     467
              586    1547     586     467     586    1547
              586     467     586     467     586    1547
              586     467     586    1547     586     467
              586    1547     586     467     586     467
              586     467     586    1547     586    1547
              586     467     586    1547     586     467
              586     467     586    1547     586    1547
              586     467     586     467     586    1547
              586     467     586    1547     586    1547
              586   25485    8570    4189     586    1547
              586    1547     586    1547     586    1547
              586     467     586    1547     586     467
              586    1547     586     467     586     467
              586     467     586     467     586    1547
              586     467     586    1547     586     467
              586    1547     586    1547     586     467
              586     467     586     467     586    1547
              586     467     586    1547     586     467
              586     467     586    1547     586    1547
              586    1547     586     467     586    1547
              586     467     586

          name 4
             8570    4189     586    1547     586    1547
              586     467     586    1547     586     467
              586    1547     586     467     586    1547
              586     467     586     467     586    1547
              586     467     586    1547     586     467
              586    1547     586     467     586     467
              586     467     586    1547     586    1547
              586     467     586    1547     586     467
              586     467     586    1547     586    1547
              586     467     586     467     586    1547
              586     467     586    1547     586    1547
              586   25485    8570    4189     586    1547
              586    1547     586    1547     586    1547
              586     467     586    1547     586     467
              586    1547     586     467     586     467
              586     467     586     467     586    1547
              586     467     586    1547     586     467
              586     467     586     467     586    1547
              586     467     586     467     586    1547
              586     467     586    1547     586    1547
              586    1547     586     467     586    1547
              586    1547     586     467     586    1547
              586     467     586

          name 5
             8570    4189     586    1547     586    1547
              586     467     586    1547     586     467
              586    1547     586     467     586    1547
              586     467     586     467     586    1547
              586     467     586    1547     586     467
              586    1547     586     467     586     467
              586     467     586    1547     586    1547
              586     467     586    1547     586     467
              586     467     586    1547     586    1547
              586     467     586     467     586    1547
              586     467     586    1547     586    1547
              586   25485    8570    4189     586    1547
              586    1547     586    1547     586    1547
              586     467     586    1547     586     467
              586    1547     586     467     586     467
              586     467     586     467     586    1547
              586     467     586    1547     586     467
              586    1547     586     467     586    1547
              586     467     586     467     586    1547
              586     467     586    1547     586     467
              586    1547     586     467     586    1547
              586    1547     586     467     586    1547
              586     467     586

          name 6
             8570    4189     586    1547     586    1547
              586     467     586    1547     586     467
              586    1547     586     467     586    1547
              586     467     586     467     586    1547
              586     467     586    1547     586     467
              586    1547     586     467     586     467
              586     467     586    1547     586    1547
              586     467     586    1547     586     467
              586     467     586    1547     586    1547
              586     467     586     467     586    1547
              586     467     586    1547     586    1547
              586   25485    8570    4189     586    1547
              586    1547     586    1547     586    1547
              586     467     586    1547     586     467
              586    1547     586     467     586     467
              586     467     586     467     586    1547
              586     467     586    1547     586     467
              586     467     586    1547     586    1547
              586     467     586     467     586    1547
              586     467     586    1547     586    1547
              586     467     586     467     586    1547
              586    1547     586     467     586    1547
              586     467     586

          name 7
             8570    4189     586    1547     586    1547
              586     467     586    1547     586     467
              586    1547     586     467     586    1547
              586     467     586     467     586    1547
              586     467     586    1547     586     467
              586    1547     586     467     586     467
              586     467     586    1547     586    1547
              586     467     586    1547     586     467
              586     467     586    1547     586    1547
              586     467     586     467     586    1547
              586     467     586    1547     586    1547
              586   25485    8570    4189     586    1547
              586    1547     586    1547     586    1547
              586     467     586    1547     586     467
              586    1547     586     467     586     467
              586     467     586     467     586    1547
              586     467     586    1547     586     467
              586    1547     586    1547     586    1547
              586     467     586     467     586    1547
              586     467     586    1547     586     467
              586     467     586     467     586    1547
              586    1547     586     467     586    1547
              586     467     586

          name 8
             8570    4189     586    1547     586    1547
              586     467     586    1547     586     467
              586    1547     586     467     586    1547
              586     467     586     467     586    1547
              586     467     586    1547     586     467
              586    1547     586     467     586     467
              586     467     586    1547     586    1547
              586     467     586    1547     586     467
              586     467     586    1547     586    1547
              586     467     586     467     586    1547
              586     467     586    1547     586    1547
              586   25485    8570    4189     586    1547
              586    1547     586    1547     586    1547
              586     467     586    1547     586     467
              586    1547     586     467     586     467
              586     467     586     467     586    1547
              586     467     586    1547     586     467
              586     467     586     467     586     467
              586    1547     586     467     586    1547
              586     467     586    1547     586    1547
              586    1547     586    1547     586     467
              586    1547     586     467     586    1547
              586     467     586

          name 9
             8570    4189     586    1547     586    1547
              586     467     586    1547     586     467
              586    1547     586     467     586    1547
              586     467     586     467     586    1547
              586     467     586    1547     586     467
              586    1547     586     467     586     467
              586     467     586    1547     586    1547
              586     467     586    1547     586     467
              586     467     586    1547     586    1547
              586     467     586     467     586    1547
              586     467     586    1547     586    1547
              586   25485    8570    4189     586    1547
              586    1547     586    1547     586    1547
              586     467     586    1547     586     467
              586    1547     586     467     586     467
              586     467     586     467     586    1547
              586     467     586    1547     586     467
              586    1547     586     467     586     467
              586    1547     586     467     586    1547
              586     467     586    1547     586     467
              586    1547     586    1547     586     467
              586    1547     586     467     586    1547
              586     467     586

          name Open/Close
             8570    4189     586    1547     586    1547
              586     467     586    1547     586     467
              586    1547     586     467     586    1547
              586     467     586     467     586    1547
              586     467     586    1547     586     467
              586    1547     586     467     586     467
              586     467     586    1547     586    1547
              586     467     586    1547     586     467
              586     467     586    1547     586    1547
              586     467     586     467     586    1547
              586     467     586    1547     586    1547
              586   25485    8570    4189     586    1547
              586    1547     586    1547     586    1547
              586     467     586    1547     586     467
              586    1547     586     467     586     467
              586     467     586     467     586    1547
              586     467     586    1547     586     467
              586     467     586    1547     586    1547
              586     467     586    1547     586    1547
              586     467     586    1547     586    1547
              586     467     586     467     586    1547
              586     467     586     467     586    1547
              586     467     586

          name Audio
             8570    4189     586    1547     586    1547
              586     467     586    1547     586     467
              586    1547     586     467     586    1547
              586     467     586     467     586    1547
              586     467     586    1547     586     467
              586    1547     586     467     586     467
              586     467     586    1547     586    1547
              586     467     586    1547     586     467
              586     467     586    1547     586    1547
              586     467     586     467     586    1547
              586     467     586    1547     586    1547
              586   25485    8570    4189     586    1547
              586    1547     586    1547     586    1547
              586     467     586    1547     586     467
              586    1547     586     467     586     467
              586     467     586     467     586    1547
              586     467     586    1547     586     467
              586     467     586    1547     586    1547
              586    1547     586    1547     586    1547
              586     467     586    1547     586    1547
              586     467     586     467     586     467
              586     467     586     467     586    1547
              586     467     586

          name Subtitle
             8570    4189     586    1547     586    1547
              586     467     586    1547     586     467
              586    1547     586     467     586    1547
              586     467     586     467     586    1547
              586     467     586    1547     586     467
              586    1547     586     467     586     467
              586     467     586    1547     586    1547
              586     467     586    1547     586     467
              586     467     586    1547     586    1547
              586     467     586     467     586    1547
              586     467     586    1547     586    1547
              586   25485    8570    4189     586    1547
              586    1547     586    1547     586    1547
              586     467     586    1547     586     467
              586    1547     586     467     586     467
              586     467     586     467     586    1547
              586     467     586    1547     586     467
              586     467     586    1547     586    1547
              586     467     586    1547     586    1547
              586     467     586     467     586    1547
              586     467     586     467     586    1547
              586     467     586     467     586    1547
              586    1547     586

          name Angle
             8570    4189     586    1547     586    1547
              586     467     586    1547     586     467
              586    1547     586     467     586    1547
              586     467     586     467     586    1547
              586     467     586    1547     586     467
              586    1547     586     467     586     467
              586     467     586    1547     586    1547
              586     467     586    1547     586     467
              586     467     586    1547     586    1547
              586     467     586     467     586    1547
              586     467     586    1547     586    1547
              586   25485    8570    4189     586    1547
              586    1547     586    1547     586    1547
              586     467     586    1547     586     467
              586    1547     586     467     586     467
              586     467     586     467     586    1547
              586     467     586    1547     586     467
              586    1547     586     467     586    1547
              586     467     586    1547     586    1547
              586     467     586    1547     586     467
              586    1547     586     467     586    1547
              586     467     586     467     586    1547
              586     467     586

          name PLAY_MODE
             8570    4189     586    1547     586    1547
              586     467     586    1547     586     467
              586    1547     586     467     586    1547
              586     467     586     467     586    1547
              586     467     586    1547     586     467
              586    1547     586     467     586     467
              586     467     586    1547     586    1547
              586     467     586    1547     586     467
              586     467     586    1547     586    1547
              586     467     586     467     586    1547
              586     467     586    1547     586    1547
              586   25485    8570    4189     586    1547
              586    1547     586    1547     586    1547
              586     467     586    1547     586     467
              586    1547     586     467     586     467
              586     467     586     467     586    1547
              586     467     586    1547     586     467
              586    1547     586    1547     586    1547
              586    1547     586    1547     586    1547
              586    1547     586     467     586     467
              586     467     586     467     586     467
              586     467     586     467     586     467
              586    1547     586

          name PLAY_LIST
             8570    4189     586    1547     586    1547
              586     467     586    1547     586     467
              586    1547     586     467     586    1547
              586     467     586     467     586    1547
              586     467     586    1547     586     467
              586    1547     586     467     586     467
              586     467     586    1547     586    1547
              586     467     586    1547     586     467
              586     467     586    1547     586    1547
              586     467     586     467     586    1547
              586     467     586    1547     586    1547
              586   25485    8570    4189     586    1547
              586    1547     586    1547     586    1547
              586     467     586    1547     586     467
              586    1547     586     467     586     467
              586     467     586     467     586    1547
              586     467     586    1547     586     467
              586    1547     586     467     586     467
              586    1547     586    1547     586    1547
              586     467     586    1547     586     467
              586    1547     586    1547     586     467
              586     467     586     467     586    1547
              586     467     586

          name CLEAR
             8570    4189     586    1547     586    1547
              586     467     586    1547     586     467
              586    1547     586     467     586    1547
              586     467     586     467     586    1547
              586     467     586    1547     586     467
              586    1547     586     467     586     467
              586     467     586    1547     586    1547
              586     467     586    1547     586     467
              586     467     586    1547     586    1547
              586     467     586     467     586    1547
              586     467     586    1547     586    1547
              586   25485    8570    4189     586    1547
              586    1547     586    1547     586    1547
              586     467     586    1547     586     467
              586    1547     586     467     586     467
              586     467     586     467     586    1547
              586     467     586    1547     586     467
              586    1547     586     467     586    1547
              586     467     586     467     586    1547
              586    1547     586    1547     586     467
              586    1547     586     467     586    1547
              586    1547     586     467     586     467
              586     467     586

          name DISK_NAVIGATOR
             8570    4189     586    1547     586    1547
              586     467     586    1547     586     467
              586    1547     586     467     586    1547
              586     467     586     467     586    1547
              586     467     586    1547     586     467
              586    1547     586     467     586     467
              586     467     586    1547     586    1547
              586     467     586    1547     586     467
              586     467     586    1547     586    1547
              586     467     586     467     586    1547
              586     467     586    1547     586    1547
              586   25485    8570    4189     586    1547
              586    1547     586    1547     586    1547
              586     467     586    1547     586     467
              586    1547     586     467     586     467
              586     467     586     467     586    1547
              586     467     586    1547     586     467
              586     467     586     467     586    1547
              586     467     586    1547     586    1547
              586     467     586    1547     586    1547
              586    1547     586     467     586    1547
              586     467     586     467     586    1547
              586     467     586

          name HOME_MENU
             8570    4189     586    1547     586    1547
              586     467     586    1547     586     467
              586    1547     586     467     586    1547
              586     467     586     467     586    1547
              586     467     586    1547     586     467
              586    1547     586     467     586     467
              586     467     586    1547     586    1547
              586     467     586    1547     586     467
              586     467     586    1547     586    1547
              586     467     586     467     586    1547
              586     467     586    1547     586    1547
              586   25485    8570    4189     586    1547
              586    1547     586    1547     586    1547
              586     467     586    1547     586     467
              586    1547     586     467     586     467
              586     467     586     467     586    1547
              586     467     586    1547     586     467
              586     467     586     467     586     467
              586     467     586    1547     586    1547
              586     467     586    1547     586    1547
              586    1547     586    1547     586    1547
              586     467     586     467     586    1547
              586     467     586

          name RETURN
             8570    4189     586    1547     586    1547
              586     467     586    1547     586     467
              586    1547     586     467     586    1547
              586     467     586     467     586    1547
              586     467     586    1547     586     467
              586    1547     586     467     586     467
              586     467     586    1547     586    1547
              586     467     586    1547     586     467
              586     467     586    1547     586    1547
              586     467     586     467     586    1547
              586     467     586    1547     586    1547
              586   25485    8570    4189     586    1547
              586    1547     586    1547     586    1547
              586     467     586    1547     586     467
              586    1547     586     467     586     467
              586     467     586     467     586    1547
              586     467     586    1547     586     467
              586     467     586     467     586    1547
              586     467     586    1547     586    1547
              586    1547     586    1547     586    1547
              586    1547     586     467     586    1547
              586     467     586     467     586     467
              586     467     586

          name ENTER
             8570    4189     586    1547     586    1547
              586     467     586    1547     586     467
              586    1547     586     467     586    1547
              586     467     586     467     586    1547
              586     467     586    1547     586     467
              586    1547     586     467     586     467
              586     467     586    1547     586    1547
              586     467     586    1547     586     467
              586     467     586    1547     586    1547
              586     467     586     467     586    1547
              586     467     586    1547     586    1547
              586   25485    8570    4189     586    1547
              586    1547     586    1547     586    1547
              586     467     586    1547     586     467
              586    1547     586     467     586     467
              586     467     586     467     586    1547
              586     467     586    1547     586     467
              586    1547     586    1547     586    1547
              586    1547     586     467     586    1547
              586    1547     586    1547     586     467
              586     467     586     467     586     467
              586    1547     586     467     586     467
              586     467     586

          name UP_ARROW
             8570    4189     586    1547     586    1547
              586     467     586    1547     586     467
              586    1547     586     467     586    1547
              586     467     586     467     586    1547
              586     467     586    1547     586     467
              586    1547     586     467     586     467
              586     467     586    1547     586    1547
              586     467     586    1547     586     467
              586     467     586    1547     586    1547
              586     467     586     467     586    1547
              586     467     586    1547     586    1547
              586   25485    8570    4189     586    1547
              586    1547     586    1547     586    1547
              586     467     586    1547     586     467
              586    1547     586     467     586     467
              586     467     586     467     586    1547
              586     467     586    1547     586     467
              586     467     586    1547     586     467
              586     467     586    1547     586    1547
              586    1547     586    1547     586    1547
              586     467     586    1547     586    1547
              586     467     586     467     586     467
              586     467     586

          name LEFT_ARROW
             8570    4189     586    1547     586    1547
              586     467     586    1547     586     467
              586    1547     586     467     586    1547
              586     467     586     467     586    1547
              586     467     586    1547     586     467
              586    1547     586     467     586     467
              586     467     586    1547     586    1547
              586     467     586    1547     586     467
              586     467     586    1547     586    1547
              586     467     586     467     586    1547
              586     467     586    1547     586    1547
              586   25485    8570    4189     586    1547
              586    1547     586    1547     586    1547
              586     467     586    1547     586     467
              586    1547     586     467     586     467
              586     467     586     467     586    1547
              586     467     586    1547     586     467
              586    1547     586    1547     586     467
              586     467     586     467     586    1547
              586    1547     586     467     586     467
              586     467     586    1547     586    1547
              586    1547     586     467     586     467
              586    1547     586

          name RIGHT_ARROW
             8570    4189     586    1547     586    1547
              586     467     586    1547     586     467
              586    1547     586     467     586    1547
              586     467     586     467     586    1547
              586     467     586    1547     586     467
              586    1547     586     467     586     467
              586     467     586    1547     586    1547
              586     467     586    1547     586     467
              586     467     586    1547     586    1547
              586     467     586     467     586    1547
              586     467     586    1547     586    1547
              586   25485    8570    4189     586    1547
              586    1547     586    1547     586    1547
              586     467     586    1547     586     467
              586    1547     586     467     586     467
              586     467     586     467     586    1547
              586     467     586    1547     586     467
              586     467     586     467     586    1547
              586     467     586     467     586    1547
              586    1547     586     467     586    1547
              586    1547     586     467     586    1547
              586    1547     586     467     586     467
              586    1547     586

          name DOWN_ARROW
             8570    4189     586    1547     586    1547
              586     467     586    1547     586     467
              586    1547     586     467     586    1547
              586     467     586     467     586    1547
              586     467     586    1547     586     467
              586    1547     586     467     586     467
              586     467     586    1547     586    1547
              586     467     586    1547     586     467
              586     467     586    1547     586    1547
              586     467     586     467     586    1547
              586     467     586    1547     586    1547
              586   25485    8570    4189     586    1547
              586    1547     586    1547     586    1547
              586     467     586    1547     586     467
              586    1547     586     467     586     467
              586     467     586     467     586    1547
              586     467     586    1547     586     467
              586    1547     586    1547     586     467
              586     467     586    1547     586    1547
              586    1547     586    1547     586     467
              586     467     586    1547     586    1547
              586     467     586     467     586     467
              586     467     586

          name STEP_BACK
             8570    4189     586    1547     586    1547
              586     467     586    1547     586     467
              586    1547     586     467     586    1547
              586     467     586     467     586    1547
              586     467     586    1547     586     467
              586    1547     586     467     586     467
              586     467     586    1547     586    1547
              586     467     586    1547     586     467
              586     467     586    1547     586    1547
              586     467     586     467     586    1547
              586     467     586    1547     586    1547
              586   25485    8570    4189     586    1547
              586    1547     586    1547     586    1547
              586     467     586    1547     586     467
              586    1547     586     467     586     467
              586     467     586     467     586    1547
              586     467     586    1547     586     467
              586     467     586     467     586     467
              586    1547     586    1547     586    1547
              586     467     586    1547     586    1547
              586    1547     586    1547     586     467
              586     467     586     467     586    1547
              586     467     586

          name STEP_FORWARD
             8570    4189     586    1547     586    1547
              586     467     586    1547     586     467
              586    1547     586     467     586    1547
              586     467     586     467     586    1547
              586     467     586    1547     586     467
              586    1547     586     467     586     467
              586     467     586    1547     586    1547
              586     467     586    1547     586     467
              586     467     586    1547     586    1547
              586     467     586     467     586    1547
              586     467     586    1547     586    1547
              586   25485    8570    4189     586    1547
              586    1547     586    1547     586    1547
              586     467     586    1547     586     467
              586    1547     586     467     586     467
              586     467     586     467     586    1547
              586     467     586    1547     586     467
              586    1547     586    1547     586    1547
              586     467     586    1547     586    1547
              586     467     586    1547     586     467
              586     467     586     467     586    1547
              586     467     586     467     586    1547
              586     467     586

          name ONE_TOUCH_COPY
             8570    4189     586    1547     586    1547
              586     467     586    1547     586     467
              586    1547     586     467     586    1547
              586     467     586     467     586    1547
              586     467     586    1547     586     467
              586    1547     586     467     586     467
              586    1547     586     467     586    1547
              586     467     586    1547     586     467
              586     467     586    1547     586     467
              586    1547     586     467     586    1547
              586     467     586    1547     586    1547
              586   25485    8570    4189     586    1547
              586    1547     586    1547     586    1547
              586     467     586    1547     586     467
              586    1547     586     467     586     467
              586     467     586     467     586    1547
              586     467     586    1547     586     467
              586     467     586    1547     586    1547
              586     467     586    1547     586    1547
              586     467     586     467     586    1547
              586     467     586     467     586    1547
              586     467     586     467     586    1547
              586    1547     586

          name HDD
             8570    4189     586    1547     586    1547
              586     467     586    1547     586     467
              586    1547     586     467     586    1547
              586     467     586     467     586    1547
              586     467     586    1547     586     467
              586    1547     586     467     586     467
              586    1547     586     467     586    1547
              586     467     586    1547     586     467
              586     467     586    1547     586     467
              586    1547     586     467     586    1547
              586     467     586    1547     586    1547
              586   25485    8570    4189     586    1547
              586    1547     586    1547     586    1547
              586     467     586    1547     586     467
              586    1547     586     467     586     467
              586     467     586     467     586    1547
              586     467     586    1547     586     467
              586     467     586     467     586    1547
              586     467     586     467     586    1547
              586    1547     586     467     586    1547
              586    1547     586     467     586    1547
              586    1547     586     467     586     467
              586    1547     586

          name DVD
             8570    4189     586    1547     586    1547
              586     467     586    1547     586     467
              586    1547     586     467     586    1547
              586     467     586     467     586    1547
              586     467     586    1547     586     467
              586    1547     586     467     586     467
              586    1547     586     467     586    1547
              586     467     586    1547     586     467
              586     467     586    1547     586     467
              586    1547     586     467     586    1547
              586     467     586    1547     586    1547
              586   25485    8570    4189     586    1547
              586    1547     586    1547     586    1547
              586     467     586    1547     586     467
              586    1547     586     467     586     467
              586     467     586     467     586    1547
              586     467     586    1547     586     467
              586    1547     586     467     586    1547
              586     467     586     467     586    1547
              586    1547     586     467     586     467
              586    1547     586     467     586    1547
              586    1547     586     467     586     467
              586    1547     586

          name INPUT_SELECT
             8570    4189     586    1547     586    1547
              586     467     586    1547     586     467
              586    1547     586     467     586    1547
              586     467     586     467     586    1547
              586     467     586    1547     586     467
              586    1547     586     467     586     467
              586    1547     586     467     586    1547
              586     467     586    1547     586     467
              586     467     586    1547     586     467
              586    1547     586     467     586    1547
              586     467     586    1547     586    1547
              586   25485    8570    4189     586    1547
              586    1547     586    1547     586    1547
              586     467     586    1547     586     467
              586    1547     586     467     586     467
              586     467     586     467     586    1547
              586     467     586    1547     586     467
              586     467     586    1547     586    1547
              586    1547     586     467     586    1547
              586     467     586    1547     586    1547
              586     467     586     467     586     467
              586    1547     586     467     586    1547
              586     467     586

          name CHAHHEL-
             8570    4189     586    1547     586    1547
              586     467     586    1547     586     467
              586    1547     586     467     586    1547
              586     467     586     467     586    1547
              586     467     586    1547     586     467
              586    1547     586     467     586     467
              586    1547     586     467     586    1547
              586     467     586    1547     586     467
              586     467     586    1547     586     467
              586    1547     586     467     586    1547
              586     467     586    1547     586    1547
              586   25485    8570    4189     586    1547
              586    1547     586    1547     586    1547
              586     467     586    1547     586     467
              586    1547     586     467     586     467
              586     467     586     467     586    1547
              586     467     586    1547     586     467
              586    1547     586    1547     586    1547
              586    1547     586     467     586    1547
              586    1547     586     467     586     467
              586     467     586     467     586     467
              586    1547     586     467     586     467
              586    1547     586

          name CHAHHEL+
             8570    4189     586    1547     586    1547
              586     467     586    1547     586     467
              586    1547     586     467     586    1547
              586     467     586     467     586    1547
              586     467     586    1547     586     467
              586    1547     586     467     586     467
              586    1547     586     467     586    1547
              586     467     586    1547     586     467
              586     467     586    1547     586     467
              586    1547     586     467     586    1547
              586     467     586    1547     586    1547
              586   25485    8570    4189     586    1547
              586    1547     586    1547     586    1547
              586     467     586    1547     586     467
              586    1547     586     467     586     467
              586     467     586     467     586    1547
              586     467     586    1547     586     467
              586     467     586    1547     586    1547
              586    1547     586     467     586    1547
              586    1547     586     467     586    1547
              586     467     586     467     586     467
              586    1547     586     467     586     467
              586    1547     586

          name SHOW_VIEW
             8570    4189     586    1547     586    1547
              586     467     586    1547     586     467
              586    1547     586     467     586    1547
              586     467     586     467     586    1547
              586     467     586    1547     586     467
              586    1547     586     467     586     467
              586    1547     586     467     586    1547
              586     467     586    1547     586     467
              586     467     586    1547     586     467
              586    1547     586     467     586    1547
              586     467     586    1547     586    1547
              586   25485    8570    4189     586    1547
              586    1547     586    1547     586    1547
              586     467     586    1547     586     467
              586    1547     586     467     586     467
              586     467     586     467     586    1547
              586     467     586    1547     586     467
              586     467     586    1547     586    1547
              586     467     586     467     586    1547
              586    1547     586     467     586    1547
              586     467     586     467     586    1547
              586    1547     586     467     586     467
              586    1547     586

          name TV_DIRECT_REC
             8570    4189     586    1547     586    1547
              586     467     586    1547     586     467
              586    1547     586     467     586    1547
              586     467     586     467     586    1547
              586     467     586    1547     586     467
              586    1547     586     467     586     467
              586    1547     586     467     586    1547
              586     467     586    1547     586     467
              586     467     586    1547     586     467
              586    1547     586     467     586    1547
              586     467     586    1547     586    1547
              586   25485    8570    4189     586    1547
              586    1547     586    1547     586    1547
              586     467     586    1547     586     467
              586    1547     586     467     586     467
              586     467     586     467     586    1547
              586     467     586    1547     586     467
              586    1547     586    1547     586    1547
              586     467     586    1547     586    1547
              586     467     586     467     586     467
              586     467     586     467     586    1547
              586     467     586     467     586    1547
              586    1547     586

          name TV/DVD
             8570    4189     586    1547     586    1547
              586     467     586    1547     586     467
              586    1547     586     467     586    1547
              586     467     586     467     586    1547
              586     467     586    1547     586     467
              586    1547     586     467     586     467
              586    1547     586     467     586    1547
              586     467     586    1547     586     467
              586     467     586    1547     586     467
              586    1547     586     467     586    1547
              586     467     586    1547     586    1547
              586   25485    8570    4189     586    1547
              586    1547     586    1547     586    1547
              586     467     586    1547     586     467
              586    1547     586     467     586     467
              586     467     586     467     586    1547
              586     467     586    1547     586     467
              586     467     586     467     586    1547
              586    1547     586     467     586    1547
              586    1547     586     467     586    1547
              586    1547     586     467     586     467
              586    1547     586     467     586     467
              586    1547     586

          name REC_MODE
             8570    4189     586    1547     586    1547
              586     467     586    1547     586     467
              586    1547     586     467     586    1547
              586     467     586     467     586    1547
              586     467     586    1547     586     467
              586    1547     586     467     586     467
              586    1547     586     467     586    1547
              586     467     586    1547     586     467
              586     467     586    1547     586     467
              586    1547     586     467     586    1547
              586     467     586    1547     586    1547
              586   25485    8570    4189     586    1547
              586    1547     586    1547     586    1547
              586     467     586    1547     586     467
              586    1547     586     467     586     467
              586     467     586     467     586    1547
              586     467     586    1547     586     467
              586    1547     586    1547     586     467
              586    1547     586     467     586    1547
              586    1547     586     467     586     467
              586     467     586    1547     586     467
              586    1547     586     467     586     467
              586    1547     586

          name TIMER_REC
             8570    4189     586    1547     586    1547
              586     467     586    1547     586     467
              586    1547     586     467     586    1547
              586     467     586     467     586    1547
              586     467     586    1547     586     467
              586    1547     586     467     586     467
              586    1547     586     467     586    1547
              586     467     586    1547     586     467
              586     467     586    1547     586     467
              586    1547     586     467     586    1547
              586     467     586    1547     586    1547
              586   25485    8570    4189     586    1547
              586    1547     586    1547     586    1547
              586     467     586    1547     586     467
              586    1547     586     467     586     467
              586     467     586     467     586    1547
              586     467     586    1547     586     467
              586    1547     586     467     586     467
              586    1547     586     467     586    1547
              586    1547     586     467     586     467
              586    1547     586    1547     586     467
              586    1547     586     467     586     467
              586    1547     586

          name DISK_HISTORY
             8570    4189     586    1547     586    1547
              586     467     586    1547     586     467
              586    1547     586     467     586    1547
              586     467     586     467     586    1547
              586     467     586    1547     586     467
              586    1547     586     467     586     467
              586    1547     586     467     586    1547
              586     467     586    1547     586     467
              586     467     586    1547     586     467
              586    1547     586     467     586    1547
              586     467     586    1547     586    1547
              586   25485    8570    4189     586    1547
              586    1547     586    1547     586    1547
              586     467     586    1547     586     467
              586    1547     586     467     586     467
              586     467     586     467     586    1547
              586     467     586    1547     586     467
              586    1547     586     467     586     467
              586    1547     586    1547     586    1547
              586     467     586     467     586     467
              586    1547     586    1547     586     467
              586     467     586     467     586    1547
              586    1547     586

          name NAVI_MARK
             8570    4189     586    1547     586    1547
              586     467     586    1547     586     467
              586    1547     586     467     586    1547
              586     467     586     467     586    1547
              586     467     586    1547     586     467
              586    1547     586     467     586     467
              586    1547     586     467     586    1547
              586     467     586    1547     586     467
              586     467     586    1547     586     467
              586    1547     586     467     586    1547
              586     467     586    1547     586    1547
              586   25485    8570    4189     586    1547
              586    1547     586    1547     586    1547
              586     467     586    1547     586     467
              586    1547     586     467     586     467
              586     467     586     467     586    1547
              586     467     586    1547     586     467
              586     467     586    1547     586    1547
              586     467     586     467     586    1547
              586     467     586    1547     586    1547
              586     467     586     467     586    1547
              586    1547     586     467     586    1547
              586     467     586

          name CHAPTER_MARK
             8570    4189     586    1547     586    1547
              586     467     586    1547     586     467
              586    1547     586     467     586    1547
              586     467     586     467     586    1547
              586     467     586    1547     586     467
              586    1547     586     467     586     467
              586    1547     586     467     586    1547
              586     467     586    1547     586     467
              586     467     586    1547     586     467
              586    1547     586     467     586    1547
              586     467     586    1547     586    1547
              586   25485    8570    4189     586    1547
              586    1547     586    1547     586    1547
              586     467     586    1547     586     467
              586    1547     586     467     586     467
              586     467     586     467     586    1547
              586     467     586    1547     586     467
              586    1547     586    1547     586    1547
              586     467     586     467     586    1547
              586     467     586    1547     586     467
              586     467     586     467     586    1547
              586    1547     586     467     586    1547
              586     467     586

          name EASY_TIMER
             8570    4189     586    1547     586    1547
              586     467     586    1547     586     467
              586    1547     586     467     586    1547
              586     467     586     467     586    1547
              586     467     586    1547     586     467
              586    1547     586     467     586     467
              586    1547     586     467     586    1547
              586     467     586    1547     586     467
              586     467     586    1547     586     467
              586    1547     586     467     586    1547
              586     467     586    1547     586    1547
              586   25485    8570    4189     586    1547
              586    1547     586    1547     586    1547
              586     467     586    1547     586     467
              586    1547     586     467     586     467
              586     467     586     467     586    1547
              586     467     586    1547     586     467
              586     467     586    1547     586     467
              586    1547     586    1547     586    1547
              586     467     586     467     586    1547
              586     467     586    1547     586     467
              586     467     586     467     586    1547
              586    1547     586

          name CM_BACK
             8570    4189     586    1547     586    1547
              586     467     586    1547     586     467
              586    1547     586     467     586    1547
              586     467     586     467     586    1547
              586     467     586    1547     586     467
              586    1547     586     467     586     467
              586    1547     586     467     586    1547
              586     467     586    1547     586     467
              586     467     586    1547     586     467
              586    1547     586     467     586    1547
              586     467     586    1547     586    1547
              586   25485    8570    4189     586    1547
              586    1547     586    1547     586    1547
              586     467     586    1547     586     467
              586    1547     586     467     586     467
              586     467     586     467     586    1547
              586     467     586    1547     586     467
              586     467     586     467     586    1547
              586    1547     586     467     586    1547
              586     467     586    1547     586    1547
              586    1547     586     467     586     467
              586    1547     586     467     586    1547
              586     467     586

          name CM_SKIP
             8570    4189     586    1547     586    1547
              586     467     586    1547     586     467
              586    1547     586     467     586    1547
              586     467     586     467     586    1547
              586     467     586    1547     586     467
              586    1547     586     467     586     467
              586    1547     586     467     586    1547
              586     467     586    1547     586     467
              586     467     586    1547     586     467
              586    1547     586     467     586    1547
              586     467     586    1547     586    1547
              586   25485    8570    4189     586    1547
              586    1547     586    1547     586    1547
              586     467     586    1547     586     467
              586    1547     586     467     586     467
              586     467     586     467     586    1547
              586     467     586    1547     586     467
              586    1547     586     467     586    1547
              586    1547     586     467     586    1547
              586     467     586    1547     586     467
              586    1547     586     467     586     467
              586    1547     586     467     586    1547
              586     467     586

          name PLAY
             8570    4189     586    1547     586    1547
              586     467     586    1547     586     467
              586    1547     586     467     586    1547
              586     467     586     467     586    1547
              586     467     586    1547     586     467
              586    1547     586     467     586     467
              586    1547     586     467     586     467
              586     467     586    1547     586     467
              586     467     586    1547     586     467
              586    1547     586    1547     586    1547
              586     467     586    1547     586    1547
              586   25485    8570    4189     586    1547
              586    1547     586     467     586    1547
              586     467     586    1547     586     467
              586    1547     586     467     586     467
              586    1547     586     467     586    1547
              586     467     586    1547     586     467
              586     467     586    1547     586     467
              586     467     586     467     586    1547
              586     467     586     467     586    1547
              586     467     586    1547     586    1547
              586    1547     586     467     586    1547
              586    1547     586

          name PAUSE
             8570    4189     586    1547     586    1547
              586     467     586    1547     586     467
              586    1547     586     467     586    1547
              586     467     586     467     586    1547
              586     467     586    1547     586     467
              586    1547     586     467     586    1547
              586    1547     586     467     586     467
              586     467     586    1547     586     467
              586     467     586     467     586     467
              586    1547     586    1547     586    1547
              586     467     586    1547     586    1547
              586   25485    8570    4189     586    1547
              586    1547     586     467     586    1547
              586     467     586    1547     586     467
              586    1547     586     467     586     467
              586    1547     586     467     586    1547
              586     467     586    1547     586     467
              586    1547     586    1547     586     467
              586     467     586     467     586    1547
              586     467     586     467     586     467
              586     467     586    1547     586    1547
              586    1547     586     467     586    1547
              586    1547     586

          name STOP
             8570    4189     586    1547     586    1547
              586     467     586    1547     586     467
              586    1547     586     467     586    1547
              586     467     586     467     586    1547
              586     467     586    1547     586     467
              586    1547     586     467     586     467
              586     467     586     467     586     467
              586     467     586    1547     586     467
              586     467     586    1547     586    1547
              586    1547     586    1547     586    1547
              586     467     586    1547     586    1547
              586   25485    8570    4189     586    1547
              586    1547     586     467     586    1547
              586     467     586    1547     586     467
              586    1547     586     467     586     467
              586    1547     586     467     586    1547
              586     467     586    1547     586     467
              586     467     586     467     586     467
              586     467     586     467     586    1547
              586     467     586     467     586    1547
              586    1547     586    1547     586    1547
              586    1547     586     467     586    1547
              586    1547     586

          name RECORD
             8570    4189     586    1547     586    1547
              586     467     586    1547     586     467
              586    1547     586     467     586    1547
              586     467     586     467     586    1547
              586     467     586    1547     586     467
              586    1547     586     467     586     467
              586     467     586     467     586    1547
              586     467     586    1547     586     467
              586     467     586    1547     586    1547
              586    1547     586     467     586    1547
              586     467     586    1547     586    1547
              586   25485    8570    4189     586    1547
              586    1547     586     467     586    1547
              586     467     586    1547     586     467
              586    1547     586     467     586     467
              586    1547     586     467     586    1547
              586     467     586    1547     586     467
              586     467     586     467     586     467
              586    1547     586     467     586    1547
              586     467     586     467     586    1547
              586    1547     586    1547     586     467
              586    1547     586     467     586    1547
              586    1547     586

          name RECORD_STOP
             8570    4189     586    1547     586    1547
              586     467     586    1547     586     467
              586    1547     586     467     586    1547
              586     467     586     467     586    1547
              586     467     586    1547     586     467
              586    1547     586     467     586    1547
              586     467     586     467     586     467
              586     467     586    1547     586     467
              586     467     586     467     586    1547
              586    1547     586    1547     586    1547
              586     467     586    1547     586    1547
              586   25485    8570    4189     586    1547
              586    1547     586     467     586    1547
              586     467     586    1547     586     467
              586    1547     586     467     586     467
              586    1547     586     467     586    1547
              586     467     586    1547     586     467
              586    1547     586     467     586     467
              586     467     586     467     586    1547
              586     467     586     467     586     467
              586    1547     586    1547     586    1547
              586    1547     586     467     586    1547
              586    1547     586

          name PREV
             8570    4189     586    1547     586    1547
              586     467     586    1547     586     467
              586    1547     586     467     586    1547
              586     467     586     467     586    1547
              586     467     586    1547     586     467
              586    1547     586     467     586    1547
              586    1547     586    1547     586     467
              586     467     586    1547     586     467
              586     467     586     467     586     467
              586     467     586    1547     586    1547
              586     467     586    1547     586    1547
              586   25485    8570    4189     586    1547
              586    1547     586     467     586    1547
              586     467     586    1547     586     467
              586    1547     586     467     586     467
              586    1547     586     467     586    1547
              586     467     586    1547     586     467
              586    1547     586    1547     586    1547
              586     467     586     467     586    1547
              586     467     586     467     586     467
              586     467     586     467     586    1547
              586    1547     586     467     586    1547
              586    1547     586

          name NEXT
             8570    4189     586    1547     586    1547
              586     467     586    1547     586     467
              586    1547     586     467     586    1547
              586     467     586     467     586    1547
              586     467     586    1547     586     467
              586    1547     586     467     586     467
              586    1547     586    1547     586     467
              586     467     586    1547     586     467
              586     467     586    1547     586     467
              586     467     586    1547     586    1547
              586     467     586    1547     586    1547
              586   25485    8570    4189     586    1547
              586    1547     586     467     586    1547
              586     467     586    1547     586     467
              586    1547     586     467     586     467
              586    1547     586     467     586    1547
              586     467     586    1547     586     467
              586     467     586    1547     586    1547
              586     467     586     467     586    1547
              586     467     586     467     586    1547
              586     467     586     467     586    1547
              586    1547     586     467     586    1547
              586    1547     586

          name REV_SCAN
             8570    4189     586    1547     586    1547
              586     467     586    1547     586     467
              586    1547     586     467     586    1547
              586     467     586     467     586    1547
              586     467     586    1547     586     467
              586    1547     586     467     586    1547
              586     467     586    1547     586     467
              586     467     586    1547     586     467
              586     467     586     467     586    1547
              586     467     586    1547     586    1547
              586     467     586    1547     586    1547
              586   25485    8570    4189     586    1547
              586    1547     586     467     586    1547
              586     467     586    1547     586     467
              586    1547     586     467     586     467
              586    1547     586     467     586    1547
              586     467     586    1547     586     467
              586    1547     586     467     586    1547
              586     467     586     467     586    1547
              586     467     586     467     586     467
              586    1547     586     467     586    1547
              586    1547     586     467     586    1547
              586    1547     586

          name FORWARD_SCAN
             8570    4189     586    1547     586    1547
              586     467     586    1547     586     467
              586    1547     586     467     586    1547
              586     467     586     467     586    1547
              586     467     586    1547     586     467
              586    1547     586     467     586     467
              586     467     586    1547     586     467
              586     467     586    1547     586     467
              586     467     586    1547     586    1547
              586     467     586    1547     586    1547
              586     467     586    1547     586    1547
              586   25485    8570    4189     586    1547
              586    1547     586     467     586    1547
              586     467     586    1547     586     467
              586    1547     586     467     586     467
              586    1547     586     467     586    1547
              586     467     586    1547     586     467
              586     467     586     467     586    1547
              586     467     586     467     586    1547
              586     467     586     467     586    1547
              586    1547     586     467     586    1547
              586    1547     586     467     586    1547
              586    1547     586

      end raw_codes

end remote


