#
# this config file was automatically generated
# using lirc-0.6.5(any) on Sun Aug 24 13:41:27 2003
#
# contributed by 
#
# brand:                       Technics
# model no. of remote control: RAK-HDB04WH
# devices being controlled by this remote:
#

begin remote

  name   Technics_RAK-HDB04WH
  flags NO_HEAD_REP|RAW_CODES
  eps            30
  aeps          100

  ptrail          0
  repeat     0     0
  gap    74351

      begin raw_codes

          name power
             3464    1756     447     423     447    1294
              447     436     435     423     447     424
              446     424     447     423     447     423
              447     423     448     423     446     424
              447     423     447     424     446    1295
              447     423     447     423     448     422
              448     423     447     423     447     423
              447     424     447    1293     447     424
              446    1294     448     423     447     423
              447    1294     446    1294     447    1294
              446     424     447     423     463     408
              448    1293     447     423     447    1294
              447    1294     446    1294     447    1294
              447     423     448     423     447    1293
              447     423     447     424     447     423
              447     424     446     423     447     423
              448    2406      39

          name sleep
             3462    1759     444     426     444    1297
              444     426     444     426     445     425
              445     425     445     425     445     426
              444     426     445     425     445     426
              444     426     445     426     445    1295
              444     426     445     425     445     426
              444     426     445     425     445     426
              444     426     445    1297     445     425
              444    1296     445     426     444     426
              445    1296     444    1296     445    1295
              446     425     445     426     444     426
              445     425     445    1296     445    1296
              444     426     444    1296     445     426
              445     426     444    1296     445     426
              444    1296     445     425     445    1295
              446     425     444    1297     445     426
              444     426     444

          name 1
             3464    1756     448     423     447    1293
              447     424     446     424     447     425
              446     424     447     423     447     424
              446     423     448     423     447     423
              447     423     447     424     447    1293
              447     423     374    1556     258     423
              447     423     447     423     447     423
              447    1295     446     423     447    1294
              447     424     448     423     447    1293
              447    1294     446    1294     447     424
              446     424     447     423     447     423
              448     423     448     422     448     423
              446    1294     447     424     446     424
              447     423     447     424     446     423
              448    1294     447    1294     447     423
              447    1293     447     424     447    1293
              447

          name 2
             3464    1757     447     423     448    1293
              447     423     447     423     447     424
              447     423     447     423     447     424
              447     427     444     423     447     423
              448     423     447     423     446    1294
              447     424     446     424     447     423
              447     423     447     423     448     423
              447     423     447    1293     447     424
              447    1293     447     424     446     424
              447    1293     447    1987      39    1010
              447     423     447     424     446     424
              447    1293     447     423     448     423
              447     423     456    1285     446     424
              447     423     447     424     446    1293
              448     423     447    1293     448    1294
              447     424     446    1294     447     423
              447    1293     448

          name 3
             3462    1759     445     425     445    1295
              445     426     446     425     445     426
              444     426     445     425     445     425
              445     425     445     426     444     426
              445     425     445     426     444    1295
              445     425     445     425     445     426
              444     426     445     425     444     426
              445     425     445    1296     445     426
              444    1298     444     426     445     425
              445    1296     445    1295     445    1296
              444     426     445     425     445     425
              444     426     445    1296     444     425
              445     426     444    1296     445     425
              445     426     444     426     445     425
              448    1296     444    1296     445    1296
              444     426     445    1296     444     426
              445    1296     445

          name 4
             3464    1756     448     423     447    1293
              447     423     447     424     447     423
              447     423     447     424     447     423
              447     424     447     423     447     423
              447     424     446     424     447    1294
              446     424     447     423     447     423
              447     423     448     423     447     424
              447     423     447    1294     447     423
              447    1293     448     422     448     423
              447    1293     447    1296     446    1294
              446     424     447     423     447     423
              447    1293     448    1293     447     423
              203    1554      39     816     447     423
              447     424     446     423     448    1293
              447    1294     446    1296     446    1294
              447     423     447    1294     447     423
              447    1294     447

          name 5
             3464    1756     447     424     447    1293
              448     423     447     423     447     423
              447     423     448     423     447     423
              447     423     447     424     446     424
              447     423     447     423     447    1295
              447     424     447     423     447     423
              447     423     447     423     447     424
              447     423     447    1293     448     423
              448    1293     447     423     447     424
              446    1294     447    1294     447    1293
              447     423     448    1811      39     313
              447     423     447    1294     447     423
              447    1294     447     423     447     423
              447     424     448     423     446     424
              447     423     447    1294     447     423
              447    1293     447     423     448    1293
              447

          name 6
             3461    1759     445     426     444    1296
              445     426     445     425     445     426
              444     426     444     426     445     425
              445     426     444     426     445     425
              445     425     445     425     445    1297
              444     425     445     426     444     426
              445     425     445     426     444     425
              445     425     445    1296     445     425
              445    1297     445     425     445     426
              444    1296     445    1295     445    1296
              445     425     445     426     445     426
              444    1296     445     426     444    1296
              445     425     445    1296     444     426
              445     425     445     427     444    1296
              445     425     445     425     445    1296
              444     426     445    1296     444     426
              445    1297     444

          name 7
             3464    1756     447     424     447    1293
              447     424     447     423     447     423
              447     423     448     423     447     423
              447     423     447     424     446     424
              447     423     447     423     447    1295
              447     423     447     423     447     423
              448     423     446     424     447     423
              447     423     447    1294     447     423
              447    1295     447     424     447     423
              446    1294     447    1294     447    1294
              446     424     447     423     447     423
              447     423     448    1293     447    1293
              447     424     447    1293     447     424
              446     423     448     423     448     423
              447    1294     446     424     447    1294
              446     424     447    1293     447     423
              447    1295     447

          name 8
             3464    1757     447     423     447    1294
              447     423     447     423     447     423
              448     422     448     423     446     424
              447     423     447     424     446     424
              447     423     447     423     447    1294
              447     423     447     423     447     423
              447     424     447     423     447     423
              448     424     447    1293     447     423
              447    1294     446     424     447     423
              447    1294     447    1295     446    1293
              448     423     447     423     447     423
              447    1294     447    1293     447    1294
              121    1569      39     882     447     423
              447     423     447     423     447    1294
              447    1294     447     423     447    1295
              447     423     448    1293     447     423
              447    1294     447

          name 9
             3461    1759     444     426     445    1296
              444     426     444     426     445     425
              445     425     445     425     445     426
              444     426     445     425     445     426
              444     427     445     425     445    1295
              445     426     444     426     445     425
              445     426     444     426     445     425
              445     426     444    1296     446     425
              444    1296     445     426     444     426
              444    1296     445    1297     444    1297
              444     426     444     426     445     425
              445     425     445     426     444     426
              445    1296     444    1296     445     425
              446     425     444     426     445     425
              445     426     444    1296     445     426
              444     426     445    1296     444     425
              445    1298     444

          name 0
             3464    1756     447     424     447    1293
              447     424     447     423     447     423
              447     423     206    1551     432     424
              446     424     447     423     447     424
              446     424     447    1293     447     423
              447     423     448     424     447     423
              447     425     445     424     447     423
              447    1294     446     423     448    1293
              447     423     448     423     446    1294
              447    1294     447    1293     447     424
              446     423     448     423     447    1293
              447     425     446     424     447    1293
              447    1294     447     423     447     423
              448     423     447    1293     447     423
              448    1294     447     423     447     424
              446    1294     447     423     447    1293
              448

          name >10
             3465    1756     446     424     446    1294
              447     424     446     424     447     423
              447     423     447     423     448     424
              447     423     447     423     447     423
              447     424     447     423     447    1293
              447     424     447     423     447     423
              447     423     447     424     447     423
              447     424     446    1294     447     423
              447    1293     448     423     447     423
              447    2613      39     384     447    1294
              446     424     447     423     447     423
              447     423     448     423     446    1294
              448     423     448     423     447     423
              447     423     447    1293     448     423
              447     423     447     423     447    1294
              447    1295     446    1294     447     423
              447     423     447

          name disp/chara
             3461    1759     444     426     444    1296
              445     426     444     426     446     425
              445     425     445     426     444     426
              444     426     445     425     445     426
              444     426     445     425     445    1295
              446     425     444     426     444     426
              445     425     445     426     444     426
              445     425     445    1296     445     425
              445    1296     445     426     444     426
              445    1296     444    1296     445    1296
              445     425     445     425     445     425
              445    1297     445     425     445    1296
              444     426     444    1297     444     426
              444    1296     445     425     446    1296
              444     426     445     425     445    1296
              445     425     445    1295     446    1295
              444    1298     444

          name set
             3464    1757     447     423     447    1293
              448     423     447     423     447     423
              447     424     446     424     447     423
              447     424     446     424     447     423
              447     423     447     423     447    1294
              446     424     447     423     447     424
              446     424     447     423     448     424
              446     423     448    1293     447     423
              447    1294     446     424     447     423
              447    1294     447    1294     447    1293
              448     423     447     423     447     423
              447    1294     446    1295     447     423
              447    1293     447     424     447    1293
              447    1294     447    1293     447    1294
              447    1295     447    1294     447     423
              447    1293     447     424     446    1294
              447     423     447

          name cancel
             3461    1759     377    1557      39     638
              446     425     444     426     445     425
              445     426     444     426     445     425
              445     426     444     426     444     426
              445     425     445     425     445    1296
              445     425     445     425     445     426
              444     426     445     425     445     425
              445     425     446    1296     445     425
              445    1296     444     426     445     425
              445    1296     445    1295     445    1297
              444     426     445     425     445     426
              444    1296     445    1295     446     425
              444     426     444     426     446    1296
              444     426     445    1296     444    1296
              445    1295     445    1296     445    1297
              444    1296     445     426     444     426
              444     426     445

          name enter
             3466    1756     447     423     447    1294
              447     423     447     424     446     424
              448     423     447     423     447     423
              447     424     446     424     447     423
              447     423     447     424     446    1294
              447     423     447     423     447     424
              446     424     446     424     447     423
              447     424     447    1293     447     423
              447    1294     447     424     447     423
              447    1294     447    1293     447    1294
              447     423     447     423     447     423
              448    1293     447    1294     447     423
              447    1295     446    1293     447    1293
              448    1295     447    1294     446    1294
              447    1294     446    1294     447     424
              446     423     448     423     447    1294
              446     424     447

          name turnleft
             3465    1756     447     423     447    1293
              448     424     447     423     447     423
              447     424     446     424     447     423
              447     423     447     424     447     423
              447     423     447     423     448    1293
              447     423     447     423     447     424
              446     424     447     423     447     424
              446     423     448    1293     447     423
              447    1295     447    1293     447     424
              447    1294     446    1293     448    1293
              447     423     448     424     446     424
              447    1294     446     424     447     423
              447     423     447    1293     448    1293
              447    1295     446     424     447    1293
              447     424     447     423     447     423
              447     423     448     423     446     424
              446     451     447    1294     447     424
              446    1294     447    1294     446     423
              448     423     447    1293     447    1295
              446

          name turnright
             3464    1757     447     423     447    1293
              448     424     447     423     447     423
              448     423     446     424     447     423
              447     424     446     423     447     423
              448     423     447     423     447    1295
              447     423     447     423     447     424
              447     423     447     423     447     423
              447     423     448    1293     447     423
              447    1295     447    1293     447     424
              446    1294     447    1293     447    1294
              447     423     448     424     446     424
              447     423     447     423     447     423
              448     423     447    1293     447    1294
              446    1294     447     424     446    1294
              447     423     447     423     448     422
              447     424     447     423     447     423
              447     424     447     423     447     424
              447    1293     448    1293     447     423
              447     424     446    1294     447    1294
              447

          name textedit
             3462    1758     445     426     444    1297
              445     425     445     426     444     426
              444     426     445     425     445     426
              444     426     445     425     445     426
              444     425     445     426     445    1296
              445     425     445     426     444     426
              445     425     445     426     444     425
              445     426     444    1296     445     426
              444    1296     445     426     444     426
              444    1296     445    1295     445    1296
              445     427     445     425     445     426
              444     426     445    1295     445     426
              445    1295     445    1296     444    1297
              444    1296     445    1296     444     425
              446    1295     444    1296     445     426
              444     427     445     425     445    1296
              445     425     445

          name left
             3463    1756     448     423     446    1294
              447     424     446     424     446     424
              447     423     447     425     447     423
              447     423     448     423     447     423
              447     423     447     424     446    1294
              447     423     448     422     448     423
              448     423     447     423     447     423
              447     424     446    1294     447     424
              446    1294     447     423     447     423
              447    1295     447    1293     447    1294
              447     423     447     423     447     424
              447    1293     447     423     448    1294
              447    1294     446    1293     448    1293
              447    1294     447    1294     447    1294
              447     423     447     423     447     424
              447     423     447     423     447    1294
              446     424     447

          name right
             3464    1756     448     423     447    1294
              447     423     447     423     447     423
              447     424     447     423     447     423
              447     423     447     423     448     424
              447     423     447     423     447    1294
              447     423     447     424     446     424
              447     423     447     423     447     423
              447     424     447    1294     447     423
              447    1294     447     423     447     423
              447    1294     446    1294     447    1756
               39     369     447     423     447     424
              447     423     447     423     447    1293
              447    1294     447    1295     446    1294
              447    1293     448    1293     447     423
              447     423     447     424     447     423
              447     424     447     424     447    1293
              447     423     447

          name scroll
             3463    1758     444     426     445    1296
              444     426     444     426     445     425
              445     425     445     425     445     427
              444     426     444     426     445     425
              445     426     444     426     445    1295
              445     425     445     426     444     426
              444     426     446     425     445     426
              444     426     444    1296     445     426
              444    1296     445     425     445     426
              444    2564      39     434     445    1296
              444     426     445     425     445     426
              444    1296     445     426     444     426
              445    1296     445     425     445    1296
              445     425     445    1296     444    1296
              445     426     444    1297     444     426
              445    1296     444     426     445     425
              445     426     444

          name program
             3464    1757     447     423     447    1294
              447     423     447     423     447     423
              447     424     447     423     447     423
              447     424     446     424      39    1567
              582     423     447    1294     447     423
              447     423     447     423     447     424
              447     423     447     423     447     424
              448    1293     447     423     447    1294
              447     423     447     424     446    1294
              447    1309     432    1294     447     423
              447     423     447     424     447     423
              447    1293     448     423     447    1293
              447     423     447     424     446     424
              447    1294     446     423     448    1293
              447    1293     447     424     447    1294
              447    1294     447     423     447     423
              447

          name random
             3465    1756     446     424     447    1294
              446     424     447     423     448     422
              447     423     448     423     446     424
              448     423     447     423     447     424
              447     423     447     423     447    1293
              448     423     446     424     447     423
              447     424     446     425     447     423
              447     423     447    1293     448     423
              447    1293     447     424     447     423
              447    1294     202    1610     376    1293
              448     423     446     424     447     423
              447    1294     447     423     447    1293
              447    1294     447     423     447     423
              447    1294     447     423     447    1294
              447     423     447     423     448     424
              447    1293     447    1294     446    1294
              447    1294     446

          name repeat
             3462    1758     444     426     445    1296
              444     426     445     425     281    1586
              318     426     444     426     445     425
              445     426     444     426     445     425
              445     426     444    1296     444     427
              445     425     445     425     445     426
              445     425     445     425     445     426
              444    1296     445     425     445    1296
              445     426     445     426     444    1296
              445    1296     444    1295     446     425
              444     426     445     425     445    1297
              445    1296     444    1296     445     425
              445     425     445     426     444    1296
              445     426     445    1296     444    1296
              445     425     445    1296     444    1296
              445    1296     444    1297     444    1296
              445

          name auto/mono
             3464    1758     446     424     447    1294
              446     424     447     423     447     423
              447     423     447     423     447     424
              447     423     447     424     447     424
              446     424     447     423     447    1293
              448     423     446     424     447     424
              446     424     446     424     447     423
              447     423     448    1293     447     423
              448    1293     448     422     447     423
              447    1294     447     423     447     425
              447     423     447     423     447     423
              447    1294     447    1293     447     424
              447     423     447    1294     372    1557
              258     424     446     424     446    1294
              447    1294     447    1293     447     423
              448    1294     447     423     447     423
              447    1294     447

          name CD
             3463    1757     446     424     447    1293
              447     423     448     422     448     423
              448     423     447     423     448     423
              447     423     447     423     447     424
              447     422     448     423     447    1293
              447     424     446     425     447     423
              447     423     447     424     447     422
              448     423     447    1294     446     424
              447    1293     447     424     447     424
              447     423     447     423     447     423
              448     423     447     423     447     423
              447     423     447     424     447    1293
              447     424     447    1294     447     423
              447     423     447    1294     447     423
              447     424     446    1294     447     423
              447    1294     447    1293     447     423
              447     424     447

          name MD
             3462    3256      39    1075     445     425
              445     426     444     426     445     425
              445     425     445     425     445     426
              444     426     445     425     445     426
              444     426     445    1296     444     426
              444     426     445     425     445     425
              445     426     444     426     445     427
              445    1295     445     426     444    1296
              445     425     445     426     444     426
              445     425     445     426     444     426
              445     427     444     425     445    1296
              444    1296     444     426     445     425
              445    1296     445     425     445     426
              444    1296     444    1296     445    1296
              445     425     445     426     444    1296
              445    1296     445     425     445     426
              445

          name Tuner
             3464    1756     447     423     448    1294
              447     423     451     420     446     424
              447     423     447     424     446     424
              446     423     448     423     447     423
              447     424     447     424     447    1293
              447     423     447     424     447     423
              447     423     447     423     448     423
              446     424     447    1295     446     424
              447    1293     447     424     446     423
              448    1293     447     423     447     424
              447     423     447     423     448     423
              447     423     448     423     447    1293
              447     424     446     424     448    1293
              446     424     446    1294     447     423
              447     423     448     423     447     423
              447     423     447     423     447     424
              447     423     447

          name stop
             3464    1756     446     424     447    1295
              446     424     447     423     447     423
              447     423     448     423     447     423
              447     424     446     424     446     424
              447     423     447     424     447    1293
              448     423     447     423     447     423
              447     424     446     424     447     423
              447     424     446    1294     448     423
              447    1294     446     424     447     423
              447    1294     447    1293     447    1293
              448     423     447     423     447     423
              447     424     446     424     447     424
              446     423     447     423     448     423
              447     423     447     423     447     424
              447     424     447    1293     447    1294
              447    1293     447    1294     446     424
              447    1295     446

          name pause
             3463    1757     445     426     445    1296
              444     426     445     425     445     425
              445     425     445     425     375    1558
              253     425     445     426     444     426
              445     425     445    1296     444     426
              444     426     445     425     445     428
              444     426     445     425     445     426
              444    1295     446     425     444    1296
              447     424     444     426     445    1297
              444    1296     445    1295     445     426
              444     426     445     425     445     426
              444    1296     445    1296     444     426
              445     425     444     426     445     426
              444     426     444     426     445    1295
              445     426     444    1297     445    1296
              444    1296     445     425     445    1296
              445

          name play
             3464    1757     447     424     446    1294
              448     423     446     424     447     423
              447     423     447     423     448     422
              447     424     447     424     447     423
              447     424     447     423     447    1293
              447     423     448     423     447     423
              447     423     447     424     446     424
              202    1580      39     790     447     422
              448    1293     447     423     447     424
              447    1293     447    1295     447    1294
              446     423     448     423     447     423
              447     423     447    1294     447     423
              447    1294     447     424     447     423
              447     423     447     423     447     424
              446    1294     447    1294     447     423
              447    1294     447    1294     447     423
              447    1294     446

          name tuneup
             3465    1756     447     423     448    1293
              447     423     447     423     447     424
              446    1941      39     186     447     423
              447     423     447     423     447     424
              446     424     446    1294     447     424
              446     424     447     424     447     423
              447     423     448     423     446     424
              447    1293     447     424     447    1293
              447     424     447     423     447    1293
              447     423     447     424     446     424
              447     423     447     424     446     424
              447    1293     447    1295     447     423
              447     423     447     423     447     424
              447    1293     447     424     446    1294
              447     423     447     424     447     424
              446    1294     447     424     446     424
              447

          name tundedown
             3462    1758     445     426     444    1296
              445     426     444     426     444     427
              444     426     445     425     445     426
              444     426     445     425     445     426
              444     426     444     425     446    1295
              445     425     444     426     445     425
              451     420     444     426     445     425
              445     426     444    1296     444     426
              445    1296     444    1740      39    1260
              444     426     444     425     446     425
              444     426     445     426     444    1296
              445    1297     444    1296     445     425
              445     425     445     426     444     426
              445    1295     445    1296     445    1297
              444     426     445     425     445     425
              444    1296     449     422     444     426
              445

          name muting
             3464    1757     447     423     447    1294
              447     423     447     424     447     423
              447     423     447     423     448     423
              446     424     446     424     461    1554
              173     424     447    1293     447     423
              448     423     447     423     447     423
              447     424     446     424     447     424
              447    1294     447     423     447    1293
              447     423     447     424     446     424
              447     423     447     424     446     424
              447     423     447     423     447     423
              447    1294     447     423     447     423
              447    1294     447    1294     446     424
              448     423     447     423     447    1294
              447     423     447     423     447    1294
              446     424     447     423     447    1294
              448

          name skipback
             3466    1756     446     424     447    1293
              447     423     448     423     447     423
              447     423     447     424     446     424
              447     423     447     424     446     423
              448     423     447     423     447    1293
              447     424     447     423     447     424
              446     424     447     423     447     423
              447     423     447    1294     446     424
              447    1294     446     424     447     423
              449    1294     447    1293     447    1293
              447     424     446     424     447     423
              447    1294     447     424     447     424
              446    1294     447     423     447     423
              447    1294     447     423     447    1294
              446     424     448    1293     447     423
              448    1293     447    1294     446    1294
              447    1294     446

          name skipfwd
             3462    1760     444     426     445    1295
              445     425     446     425     444     426
              445     425     445     425     445     427
              444     426     444     426     445     425
              444     426     445     425     445    1296
              445     425     445     426     445     425
              444     426     445     425     445     427
              445     425     445    1296     445     425
              445    1296     445     425     445     425
              445    1295     446    1296     445    1296
              444     426     444     426     445     425
              445     426     444    1296     445     425
              445    2763      39     235     444    1296
              445     425     445     426     444    1296
              445    1295     445     426     445    1296
              445    1296     444    1296     445    1296
              445

          name voldown
             3465    1756     446     424     447    1294
              447     424     446     424     447     423
              447     423     447     423     448     423
              447     423     447     423     447     423
              447     424     447     423     448    1294
              447     423     447     423     447     423
              447     423     448     423     446     424
              447     423     447    1294     447     423
              447    1294     447     423     447     423
              447     423     447     423     448     423
              447     423     447     423     447     424
              447    1295     447     424     446     424
              447     423     447     423     447    1294
              447     423     447     423     447    1294
              446     424     447     423     448     423
              446     424     447     423     447     423
              447    1293     448

          name volup
             3463    1966     239     423     447    1293
              448     423     447     423     447     423
              447     424     447     423     447     423
              447     425     446     424     447     423
              447     423     447     423     448    1293
              447     423     447     424     446     424
              446     424     447     423     448     424
              447     423     447    1293     448     423
              446    1294     447     423     447     424
              446     424     447     423     447     423
              447     423     448     423     447     423
              447     423     447     423     447     424
              446     424     447     423     447    1293
              448     423     447     423     447     423
              447     423     447     424     447     423
              447     423     447     424     447     423
              447    1293     448

      end raw_codes

end remote
