#
# this config file was automatically generated
# using lirc-0.6.5(any) on Mon Jan 27 22:32:11 2003
#
# contributed by 
#
# brand:                       hirschmann_RC426
# model no. of remote control: 
# devices being controlled by this remote:
#

begin remote

  name   RC426
  flags RAW_CODES
  eps            30
  aeps          100

  ptrail          0
  repeat     0     0
  gap    112143

      begin raw_codes

          name 1
              574    2546     602     918    1104     432
              576     430     573     431     576     431
              575     432     574     433     573     432
              576     432     574     431     609     401
              579     427     575     431     574     432
              575   21737     623    2519     574     432
              577     945     576     432     574     430
              575     431     602     405     575     431
              576     430     577     431    1103     431
              574     946    1129     404     576     944
              575

          name 2
              574    2567     553     967    1080     453
              554     453     554     452     554     452
              555     452     554     453     554     453
              553     454     553     453     554     452
              557     450     556     454     551     452
              555   21759     574    2567     554     966
             1107     940     580     427     580     427
              579     427     580     427     579     428
              579     427    1107     426     580     941
             1105     427     580     940     580

          name 3
              576    2542     580     941    1106     427
              579     428     579     428     579     428
              579     428     578     429     577     429
              578     428     579     428     578     429
              578     428     578     428     579     428
              578   21757     577    2542     579     428
              578     429     578     942     579     428
              578     428     578     429     578     429
              578     428     578     429    1105     428
              579     941    1105     428     578     943
              577

          name 4
              576    2544     578     942    1105     430
              577     429     578     429     577     430
              576     430     577     429     577     429
              578     430     577     429     577     429
              578     428     581     428     577     428
              577   21758     576    2543     578     943
              580     427    1104     942     578     429
              577     429     578     429     577     430
              577     429    1105     429     578     943
             1104     428     578     942     577

          name 5
              601    2543     578     942    1105     429
              577     437     571     427     579     429
              576     429     578     429     577     430
              577     429     578     428     578     429
              578     428     578     430     578     428
              578   21733     601    2544     577     429
              578     942    1105     945     576     429
              576     428     578     429     578     429
              577     430    1104     429     578     942
             1105     430     576     943     578

          name 6
              580    2541     578     942    1105     428
              579     427     579     428     579     428
              578     429     580     428     580     426
              578     427     578     428     579     427
              580     427     579     428     579     427
              580   21755     579    2543     578     941
             1105     428     579     942     578     429
              578     428     579     426     581     428
              576     429    1105     428     579     941
             1105     428     579     941     579

          name 7
              601    2545     576     942    1105     428
              578     428     578     429     579     427
              579     428     579     428     578     428
              579     428     578     429     578     428
              579     428     579     427     579     428
              578   21733     602    2543     577     428
              578     428     579     428     578     942
              578     429     578     428     581     426
              579     428     578     428    1106     428
              578     943    1104     429     578     942
              578

          name 8
              597    2542     579     941    1106     427
              579     429     577     428     579     428
              579     428     578     429     578     427
              579     428     579     429     577     429
              580     426     582     427     577     428
              578   21735     599    2542     579     942
              579     428     578     429    1105     941
              578     429     578     429     578     427
              579     429    1104     429     578     943
             1106     426     578     943     577

          name 9
              598    2542     579     941    1105     428
              579     428     578     429     578     428
              578     429     578     428     579     428
              578     429     578     428     579     427
              581     427     577     429     578     428
              578   21757     577    2542     579     429
              578     941     579     428    1105     943
              577     429     578     428     579     428
              578     429    1106     428     580     939
             1105     428     579     941     578

          name 0
              595    2542     578     942    1105     429
              578     428     578     428     582     426
              577     428     579     428     579     428
              578     429     577     429     578     429
              578     429     577     429     578     430
              577   21735     599    2542     579     942
              578     428     578     429     578     429
              578     428     579     428     578     429
              578     428     578     429    1105     429
              577     943    1104     429     578     943
              579

          name MUTE
              578    2543     578     942    1104     429
              578     429     578     429     577     431
              576     432     576     427     578     429
              577     429     578     429     577     429
              578     429     578     429     577     429
              578   21734     600    2543     578     942
              577     430     577     429    1105     945
             1104     939     578     429     578     429
             1104     429     578     943    1104     429
              577     944     577

          name POWER
              572    2568     553     968    1079     454
              552     454     553     453     555     453
              551     454     552     455     552     454
              553     454     552     454     553     454
              552     455     552     455     552     454
              552   21761     574    2568     553     968
              552     454    1080     454     551     970
              550     455     552     454     552     455
              552     454    1079     455     552     968
             1079     455     551     968     552

          name M
              576    2544     576     944    1106     427
              577     431     602     404     576     430
              575     432     577     429     577     430
              574     432     577     430     575     432
              577     430     576     430     576     430
              576   21758     577    2544     577     431
              576     429     577     944    1154     892
              577     430     576     431     576     430
              603     403    1103     430     578     943
             1130     403     576     945     576

          name ME
              576    2543     573     948    1104     430
              577     429     602     405     603     404
              576     430     576     431     576     430
              576     431     576     430     576     438
              597     402     579     430     575     430
              549   21763     622    2520     576     958
              563     429    1130     918    1103     943
             1103     944     576     431    1102     431
              579     945    1111     420     577     942
              578

          name ARROW_UP
              550    2570     551     969    1079     454
              553     453     552     455     552     454
              553     454     552     455     552     454
              552     456     551     454     553     454
              552     455     622     385     553     454
              553   21780     552    2569     552     968
             1079     455     552     454     552     968
              552     454     552     455     552     454
              553     454    1079     455     552     967
             1080     456     551     968     551

          name ARROW_RIGHT
              570    2569     552     968    1079     456
              551     456     553     452     552     455
              552     455     552     454     552     455
              552     454     552     455     553     454
              552     454     552     454     552     455
              553   21783     549    2569     552     968
             1081     454     554     966    1079     968
              551     455     552     454     552     455
             1079     455     552     968    1078     454
              552     968     552

          name ARROW_LEFT
              552    2569     552     968    1079     455
              552     454     552     454     553     454
              553     453     552     456     553     452
              553     453     553     454     553     454
              552     454     552     455     552     455
              552   21783     551    2569     552     455
              551     455     552     455     552     968
             1078     971     550     455     552     453
              552     455    1079     454     552     968
             1079     455     552     968     551

          name ARROW_DOWN
              573    2569     552     969    1079     455
              552     455     551     455     552     455
              551     455     552     455     551     455
              552     455     552     455     551     455
              553     453     554     454     551     455
              551   21783     550    2570     552     455
              552     455     551     456     551     455
              552     968     552     454     552     455
              552     455     552     454    1079     454
              553     970    1076     455     552     968
              552

          name SELECT
              576    2567     554     966    1081     452
              554     454     554     453     552     453
              554     452     554     453     553     453
              555     452     554     453     553     453
              554     453     553     454     553     453
              553   21761     573    2568     553     454
              553     967    1082     964     553     454
             1080     967     553     453     553     454
             1080     454     552     968    1079     454
              553     967     552

          name TV
              551    2570     551     969    1078     455
              551     458     551     454     550     455
              552     455     552     454     553     454
              552     455     551     455     552     455
              552     454     552     455     552     454
              553   21760     574    2569     552     455
              552     969    1078     456     549     968
              552     455     552     455     551     455
              552     455    1079     454     552     969
             1078     455     551     969     552

          name VCR
              599    2542     580     940    1107     427
              579     427     580     427     579     429
              578     428     581     432     573     426
              579     427     555     452     554     453
              554     453     553     453     554     453
              553   21762     571    2568     553     454
              552     968    1079     968    1079     971
             1077     968     551     454    1079     455
              552     968    1079     454     552     970
              550

          name RADIO
              574    2567     554     966    1080     453
              554     452     555     452     558     450
              552     452     554     454     553     453
              553     453     554     452     554     453
              554     453     553     453     556     452
              552   21784     549    2569     552     968
             1079     454     553     969    1081     965
             1080     967     553     454    1079     454
              553     968    1077     457     552     966
              552

          name VIDEO
              597    2541     579     942    1104     429
              579     428     578     429     577     430
              580     428     575     430     577     429
              578     429     577     429     578     429
              577     429     578     428     578     429
              578   21738     597    2542     578     943
             1104     942    1105     943     578     428
             1105     942     578     428    1105     429
              578     942    1105     429     577     944
              576

          name LNB
              577    2545     576     943    1104     429
              577     429     578     430     577     428
              578     429     578     429     578     429
              579     427     578     428     578     429
              578     429     577     429     578     429
              577   21758     577    2546     574     429
              578     429     578     941    1106     942
              578     428    1105     944     578     427
             1105     428     578     942    1105     429
              578     942     578

          name AUDIO
              573    2569     552     968    1079     454
              553     455     552     454     555     454
              550     455     552     454     552     455
              551     455     552     455     552     454
              552     455     552     455     552     454
              551   21760     574    2547     574     455
              552     968     551     456    1078     969
              553     453    1079     968     552     454
             1079     455     552     968    1078     457
              550     969     551

          name TIMER
              600    2541     578     942    1105     429
              578     428     578     430     579     427
              578     429     578     429     577     429
              578     428     579     428     578     428
              579     428     578     429     578     428
              578   21737     597    2542     578     429
              578     429     578     942     578     431
             1103     429     577     943     577     429
              578     429    1104     429     578     942
             1105     430     576     945     578

          name COPY
              597    2543     578     943    1104     429
              582     427     577     429     603     404
              598     409     577     429     577     430
              577     429     577     430     577     429
              578     428     578     429     580     428
              576   21734     600    2543     578     429
              577     429     578     943    1104     429
              577     429     578     942     578     429
              578     428    1105     429     578     943
             1107     429     575     942     578

          name SKIP
              596    2543     578     941    1106     428
              578     428     579     428     578     429
              578     428     579     428     578     428
              578     429     578     430     578     428
              578     429     578     428     578     428
              579   21736     572    2568     554     453
              554     967    1079     454     553     967
             1079     968     552     454     553     454
             1079     454     552     968    1079     455
              552     968     552

          name SYNC
              597    2541     579     942    1105     427
              580     428     578     427     580     427
              579     429     578     427     580     427
              579     428     579     428     579     428
              579     427     579     427     580     427
              579   21756     578    2542     581     429
              576     427     579     941     579     428
             1106     941    1106     940     580     427
             1106     427     579     941    1107     427
              579     941     579

      end raw_codes

end remote
