# signal length for '0' is shorter than all others !?!

begin remote

  name  SAMSUNG_00071F
  flags RAW_CODES
  eps            30
  aeps          100

  ptrail          0
  repeat     0     0
  gap          22434

      begin raw_codes

          name power
             9118    4399     668     440     668    1602
              667    1602     668     440     668     440
              668    1601     668    1602     667     440
              668     440     668     440     668     440
              668     440     668     440     667    1602
              668     440     668     440     668    1602
              667    1602     668     440     668     440
              668    1602     667    1603     667    1603
              667    1602     667    1602     668    1603
              666    1602     667     440     668     440
              668     440     668    1603     667     440
              668     440     668    1602     667     440
              667    1602     668    1602     668    1602
              667     440     668    1602     668    1603
              666     440     695

          name 1
             9119    4402     666     443     666    1604
              666    1604     666     443     666     442
              693    1577     693    1578     665     443
              666     443     666     443     666     442
              693     416     666     442     666    1604
              693     416     666     442     666    1605
              666    1604     693     415     666     442
              666    1604     666    1604     666    1605
              665    1604     666    1604     666    1605
              666    1603     693     416     666     442
              666     442     666     442     693     415
              666     442     666    1604     693     416
              666    1604     665    1605     666    1604
              666    1604     694    1577     666    1605
              692     415     693

          name 2
             9116    4401     665     444     664    1605
              664    1605     664     444     664     444
              664    1605     664    1606     664     444
              664     444     664     444     664     444
              664     444     664     444     664    1604
              665     444     664     444     664    1605
              665    1604     665     444     664     444
              664    1604     666    1604     665    1604
              666    1604     665    1605     664    1606
              664     444     664    1606     664     444
              664     444     664     444     664     444
              664     445     664    1605     664    1606
              664     444     664    1606     663    1605
              665    1603     666    1604     665    1606
              664     444     664

          name 3
             9115    4401     666     444     665    1605
              664    1605     664     444     664     444
              664    1605     663    1606     664     445
              664     444     664     444     664     445
              663     445     664     444     664    1604
              665     444     663     445     663    1606
              664    1605     664     444     663     445
              664    1604     666    1605     664    1606
              664    1605     665    1604     665    1605
              664    1605     665    1604     665     444
              664     444     664     445     663     445
              663     444     664    1607     663     444
              664     444     664    1604     666    1604
              665    1604     665    1605     664    1606
              664     444     664

          name 4
             9117    4400     667     441     667    1602
              694    1576     667     441     667     441
              667    1603     667    1603     667     441
              667     441     667     441     667     441
              667     441     667     441     667    1604
              665     441     667     441     667    1603
              666    1604     666     441     667     441
              667    1604     666    1603     667    1603
              693    1577     666    1603     667    1604
              666     441     667     441     667    1604
              666     441     667     441     667     441
              667     442     666    1603     693    1577
              666    1603     667     442     667    1603
              693    1578     666    1603     666    1603
              694     414     666

          name 5
             9115    4401     665     443     665    1605
              665    1606     664     443     666     442
              666    1604     665    1604     666     443
              665     443     666     442     692     416
              666     443     665     443     666    1603
              666     443     666     443     665    1604
              693    1578     691     417     665     443
              666    1604     692    1578     665    1605
              664    1605     665    1605     665    1604
              665    1606     664     443     666    1604
              665     442     666     443     666     442
              666     442     666    1605     665     443
              666    1605     665     442     693    1577
              665    1604     693    1578     665    1604
              665     442     666

          name 6
             9117    4401     666     442     666    1604
              666    1604     666     442     666     442
              666    1604     666    1604     666     442
              666     442     666     442     666     442
              666     442     693     415     693    1576
              667     442     666     442     666    1605
              665    1604     666     442     666     442
              692    1578     666    1605     691    1578
              665    1604     665    1604     666    1605
              665     442     666    1606     691    1578
              665     442     692     416     666     442
              666     442     666    1604     666    1604
              693     416     666     443     693    1578
              665    1605     665    1603     667    1604
              666     442     693

          name 7
             9115    4402     665     444     664    1605
              665    1605     665     443     665     444
              664    1605     664    1607     664     444
              664     444     665     444     664     444
              664     444     664     444     664    1606
              664     444     664     444     664    1606
              664    1605     665     444     664     444
              665    1604     666    1605     664    1605
              665    1606     664    1605     691    1579
              664    1604     666    1605     665    1606
              664     444     665     443     665     443
              665     443     665    1605     665     444
              664     444     664     444     665    1604
              665    1605     664    1605     665    1604
              665     444     664

          name 8
             9117    4401     666     442     666    1604
              666    1603     666     442     693     415
              666    1604     666    1605     665     442
              666     442     666     442     666     442
              667     442     666     442     666    1605
              665     442     666     442     667    1605
              665    1604     693     415     666     442
              693    1578     665    1604     666    1604
              665    1605     665    1604     665    1605
              665     442     666     442     692     416
              692    1578     665     442     666     442
              693     415     693    1578     665    1605
              692    1577     666    1604     666     442
              666    1604     693    1578     691    1578
              665     442     692

          name 9
             9119    4400     666     442     667    1603
              667    1603     667     441     667     441
              667    1603     666    1604     667     441
              668     440     668     440     668     440
              667     441     667     441     668    1603
              667     441     668     440     668    1603
              667    1602     668     440     668     440
              668    1603     667    1603     667    1601
              668    1603     667    1603     667    1602
              668    1601     695     413     668     440
              668    1603     667     440     668     440
              668     440     668    1603     667     440
              668    1602     668    1603     667     440
              668    1603     667    1603     667    1603
              667     440     668

          name zoom
             9115    4404     664     445     663    1606
              664    1605     665     446     662     446
              663    1605     664    1606     664     445
              663     446     662     446     662     446
              663     445     663     445     663    1605
              665     445     663     445     663    1607
              663    1605     665     445     664     444
              663    1605     664    1607     664    1604
              665    1607     663    1605     665    1605
              665     445     663     445     663    1605
              665    1606     664     445     664    1607
              662     446     662    1607     664    1605
              665    1605     664     445     663     445
              664    1605     665     444     663    1606
              664     445     664

          name 0
             9117    4402     665     443     665    1606
              664    1605     665     443     665     443
              692    1578     666    1605     664     443
              665     444     665     443     665     443
              665     443     665     443     666    1605
              665     443     665     443     665    1605
              665    1605     665     443     665     443
              692    1578     666    1604     666    1605
              665    1606     664    1604     666    1604
              666     443     666     443     665     443
              666     443     666     443     665     443
              666    1606     664    1604     666    1606
              691    1577     667    1606     664    1604
              666    1604     666    1606     664     443
              666

          name step
             9117    4403     665     443     665    1604
              666    1605     665     443     666     443
              665    1605     665    1606     664     444
              665     443     665     443     664     444
              665     443     665     443     665    1605
              665     443     665     443     665    1605
              692    1579     664     443     692     416
              665    1604     666    1604     666    1606
              665    1605     665    1604     693    1577
              667     443     665    1605     666    1605
              665     443     665     443     666    1604
              666     442     666    1605     664    1605
              692     416     666     442     666    1606
              691    1578     666     442     666    1604
              666     443     666

          name +
             9117    4402     666     443     665    1605
              665    1604     666     443     665     443
              666    1604     666    1605     665     443
              666     443     691     418     665     443
              692     416     666     443     665    1604
              666     443     666     443     666    1604
              666    1606     691     416     666     443
              691    1579     665    1605     665    1604
              666    1605     691    1578     666    1605
              664     443     666     443     665    1605
              665    1606     664    1606     665     443
              666     443     665    1604     667    1605
              692    1578     666     442     665     443
              665     443     665    1606     692    1578
              691     416     666

          name vsel
             9116    4403     664     443     665    1604
              665    1605     665     443     665     444
              665    1604     692    1578     665     443
              665     443     665     443     665     443
              665     443     665     444     665    1604
              665     443     665     443     665    1605
              665    1604     666     444     664     444
              664    1605     665    1604     665    1606
              664    1604     665    1607     664    1605
              664     444     665    1605     665     443
              665     443     665     443     665    1605
              665     443     665     443     665    1604
              665     444     664    1606     665    1605
              665    1605     665     443     691    1579
              664    1607     664

          name sub
             9117    4402     666     443     666    1605
              665    1605     665     443     666     443
              666    1604     666    1604     666     443
              666     443     665     443     665     443
              666     443     666     443     693    1577
              666     442     665     443     666    1604
              666    1604     666     443     692     416
              666    1605     665    1604     666    1605
              665    1605     666    1605     665    1605
              666     442     665     443     666     442
              692     416     667    1605     664     443
              666     442     693    1578     666    1605
              691    1577     667    1604     666    1605
              665     442     667    1604     666    1603
              666     442     667

          name <
             9117    4403     665     445     663    1605
              666    1606     663     446     663     445
              663    1605     665    1606     664     445
              663     446     663     445     664     444
              664     445     663     445     664    1605
              665     445     664     445     664    1606
              663    1606     665     445     664     444
              664    1606     664    1607     663    1606
              665    1605     665    1606     665    1607
              662     446     663    1606     664    1605
              665    1606     664    1605     665     444
              664     444     663    1606     664    1605
              665     445     664     444     664     445
              663     445     663    1606     664    1606
              664     445     664

          name -
             9119    4401     667     442     694    1576
              667    1604     666     441     667     442
              667    1604     667    1603     667     441
              667     441     667     442     667     442
              667     441     667     441     667    1603
              667     442     667     442     693    1577
              693    1576     667     442     667     441
              666    1605     665    1604     693    1577
              666    1604     666    1605     666    1604
              692    1576     694    1577     693    1577
              667    1605     665    1604     693     415
              693     415     666    1605     665     442
              667     442     693     415     694     415
              667     441     667    1603     667    1604
              666     442     667

          name stop
             9119    4401     694     414     668    1603
              667    1602     667     441     667     441
              667    1604     665    1603     668     441
              667     441     667     441     667     441
              694     415     667     441     667    1603
              667     441     667     441     694    1577
              666    1603     667     441     667     441
              693    1577     694    1577     667    1603
              667    1602     668    1604     666    1603
              667     441     667    1604     666     442
              693     415     694     414     667    1604
              667     441     694    1576     667    1604
              667     441     667    1603     667    1604
              667    1603     667     442     667    1603
              667     441     666

          name play
             9117    4402     665     443     666    1605
              665    1604     666     443     692     416
              666    1605     664    1605     693     416
              665     444     665     443     666     443
              665     443     665     443     666    1606
              663     444     692     416     665    1605
              665    1605     664     443     665     443
              666    1605     665    1605     665    1605
              664    1606     665    1605     691    1579
              665     442     666     443     665     443
              666     443     665     443     666    1606
              664     444     665    1605     692    1577
              692    1579     691    1578     666    1604
              666    1605     665     443     666    1604
              666     442     692

          name >
             9118    4401     667     442     693    1577
              666    1604     693     416     666     442
              666    1605     692    1578     692     415
              693     415     666     442     693     416
              666     442     693     415     666    1604
              694     415     693     415     666    1604
              693    1578     665     442     666     442
              666    1603     667    1604     666    1605
              692    1578     665    1606     664    1605
              692    1579     665     442     666     442
              693     416     666     442     693    1578
              692     416     693    1578     666     442
              666    1604     666    1605     665    1605
              665    1605     666     442     666    1604
              693     416     666

          name menu
             9117    4402     666     443     664    1606
              664    1605     665     443     665     443
              665    1605     665    1606     663     444
              665     443     665     444     664     444
              664     444     665     443     664    1607
              664     443     665     444     665    1606
              664    1606     665     444     664     444
              665    1605     692    1578     665    1605
              665    1606     664    1606     665    1606
              664    1606     664    1606     665     443
              665    1606     664     444     665     444
              665     444     664    1606     664     444
              665     444     664    1605     665     444
              664    1605     665    1606     664    1605
              664     444     664

          name return
             9118    4402     666     443     665    1604
              693    1577     666     442     666     442
              666    1605     664    1604     693     416
              666     443     665     443     692     416
              692     416     666     443     666    1604
              666     443     665     443     666    1606
              665    1605     691     416     665     443
              666    1605     665    1604     666    1604
              666    1605     665    1604     665    1605
              665    1605     665     443     665    1605
              692     416     666    1604     665     443
              666     443     666    1604     666     443
              666    1605     665     443     665    1604
              666     443     665    1605     692    1576
              667     443     666

          name up
             9117    4402     666     443     665    1605
              665    1605     665     443     665     443
              665    1604     666    1604     666     443
              665     444     665     444     665     443
              665     443     665     443     665    1606
              665     443     664     444     665    1606
              664    1605     664     444     665     443
              665    1605     664    1606     664    1606
              691    1579     665    1604     666    1606
              664    1605     665    1605     665    1604
              665     443     665    1605     664     444
              665     443     665    1605     665     443
              665     443     665     443     666    1605
              664     444     665    1604     666    1605
              665     443     666

          name down
             9117    4403     692     416     692    1577
              666    1604     665     443     665     443
              666    1606     664    1605     665     443
              692     416     665     443     665     442
              666     443     692     416     666    1604
              666     442     665     443     692    1579
              665    1605     665     443     666     443
              666    1603     667    1604     666    1604
              666    1604     666    1605     665    1605
              691     416     692     416     666     443
              666    1606     664    1604     667     442
              666     443     665    1604     666    1604
              666    1604     693    1577     666     442
              667     442     693    1577     666    1605
              665     442     666

          name left
             9116    4404     663     446     663    1607
              664    1606     664     444     664     444
              664    1605     665    1606     664     444
              664     445     663     445     664     445
              664     444     664     444     664    1605
              665     444     664     444     664    1605
              665    1607     662     445     663     445
              664    1605     665    1605     664    1605
              665    1605     665    1606     663    1605
              665     444     664    1605     664     445
              664    1605     666    1605     665     444
              664     444     664    1606     664    1606
              664     444     663    1607     664     444
              664     444     664    1605     665    1604
              666     443     665

          name right
             9117    4403     665     443     665    1605
              665    1605     664     443     665     444
              665    1605     665    1604     666     443
              665     443     665     443     665     443
              664     444     665     443     665    1605
              665     443     665     444     665    1604
              666    1605     665     444     665     444
              691    1579     664    1606     664    1605
              665    1605     665    1604     666    1604
              666    1605     665     443     665     443
              665    1606     664    1606     664     444
              692     416     665    1604     666     443
              665    1604     665    1606     664     443
              665     444     664    1606     664    1605
              665     443     665

          name enter
             9118    4402     665     443     665    1606
              664    1604     666     443     692     416
              665    1605     665    1606     664     443
              665     443     665     443     666     443
              666     443     666     442     665    1604
              693     416     665     443     666    1605
              665    1605     665     442     666     442
              666    1604     666    1604     666    1604
              665    1605     665    1605     692    1578
              692    1577     666    1605     665     442
              666    1606     691    1578     692     415
              666     442     666    1604     666     442
              666     443     692    1578     692     415
              666     442     666    1603     692    1578
              665     443     693

          name dmenu
             9088    4430     637     473     635    1636
              634    1635     661     446     663     445
              635    1636     661    1608     664     444
              635     474     636     474     634     472
              662     446     664     444     636    1634
              637     472     635     473     634    1636
              637    1634     635     473     635     472
              635    1636     660    1609     662    1608
              635    1634     636    1636     635    1633
              665     445     636     473     690    1580
              634     474     663    1607     661     446
              662     445     664    1608     636    1637
              633    1634     663     445     635    1637
              606     501     662    1608     635    1636
              634     474     635

          name ezview
             9117    4403     665     443     665    1605
              666    1605     665     443     665     443
              665    1605     665    1606     663     444
              665     443     665     443     665     443
              665     443     665     443     665    1606
              664     444     665     443     666    1604
              665    1605     665     443     664     444
              664    1604     666    1605     665    1605
              665    1605     665    1606     663    1605
              665    1606     664    1605     665    1605
              665    1606     664     444     664    1606
              664     444     664    1605     665     444
              664     444     664     444     665     444
              665    1606     664     444     664    1606
              663     445     663

          name info
             9143    4376     665     442     666    1604
              666    1604     665     443     665     443
              666    1604     665    1605     665     442
              666     443     665     443     665     443
              665     443     665     443     666    1605
              691     416     693     416     666    1604
              693    1578     665     443     666     443
              665    1604     666    1605     665    1605
              665    1605     665    1604     666    1605
              665    1604     665    1605     665    1605
              665    1604     666     443     665     443
              665     443     665    1605     665     443
              665     443     665     443     692     416
              692    1577     666    1604     666    1605
              665     443     665

          name cancel
             9143    4375     665     443     666    1604
              692    1578     665     443     692     416
              692    1578     665    1605     665     443
              666     443     665     443     666     443
              665     443     692     416     692    1579
              665     442     666     443     692    1577
              666    1604     666     443     666     443
              666    1605     691    1578     692    1578
              665    1605     692    1578     665    1605
              665     443     666     442     666    1604
              667     442     665     443     666    1605
              665     443     666    1605     691    1579
              692    1577     692     416     666    1604
              666    1603     666     442     666    1605
              665     443     666

          name opcl
             9115    4404     663     445     662    1609
              662    1608     608     501     690     416
              664    1607     635    1636     660     447
              634     475     663     444     664     445
              665     444     636     474     634    1635
              634     474     664     445     635    1635
              664    1607     635     473     607     501
              634    1635     634    1636     635    1635
              636    1636     634    1635     662    1608
              662     446     634     474     635    1635
              635    1635     635     472     662     447
              634     474     635    1635     635    1636
              606    1663     636     473     661     447
              636    1636     634    1635     636    1634
              660     448     635

          name audio
             9117    4403     691     416     666    1605
              666    1604     666     443     666     442
              666    1604     692    1577     666     443
              666     442     666     442     666     442
              693     416     692     416     666    1605
              665     443     666     442     693    1578
              666    1603     667     442     666     442
              665    1605     665    1605     666    1603
              667    1604     666    1604     693    1578
              665     442     666    1604     667    1605
              665    1604     692     416     666     442
              692     416     666    1606     665    1605
              692     415     666     442     666     442
              666    1604     666    1606     691    1577
              666     443     666

          name repeat
             9117    4402     665     443     665    1605
              692    1579     664     443     665     443
              666    1605     691    1578     692     416
              666     443     665     443     665     443
              692     416     666     443     665    1605
              665     443     665     443     666    1605
              665    1606     691     416     666     443
              665    1605     665    1604     666    1604
              666    1605     664    1604     693    1578
              666    1606     691     416     666    1605
              664    1606     665    1604     666     443
              666     443     665    1604     666     443
              666    1604     692     416     665     443
              666     443     666    1605     664    1605
              666     442     666

          name usb
             9117    4402     665     444     665    1605
              665    1605     665     443     665     444
              665    1606     664    1605     666     443
              665     444     665     444     665     443
              665     443     665     443     665    1606
              664     444     665     443     665    1605
              664    1606     665     443     665     443
              665    1605     664    1605     666    1604
              665    1605     665    1606     663    1606
              665    1607     663    1605     665    1606
              664    1605     665    1604     666    1605
              665     444     665    1606     665     443
              664     444     665     443     664     444
              664     444     664     444     665    1605
              665     443     665

      end raw_codes

end remote


