#
# this config file was automatically generated
# using lirc-0.6.5(sir) on Thu Feb 21 19:59:10 2002
#
# contributed by 
#
# brand:                       Samsung
# model no. of remote control: 528Z
# devices being controlled by this remote: 528Z
#

begin remote

  name   528Z
  flags CONST_LENGTH|RAW_CODES
  eps            30
  aeps          100

  ptrail          0
  repeat     0     0
  gap    134341

      begin raw_codes

          name 1
             8438    4211     533     541     515    1574
              533     541     514     540     513     541
              514     540     514     541     514     540
              514    4211     533     542     512     540
              515     540     514     540     514    1575
              533     541     514     540     514     541
              514   26033    8440    4214     530     541
              513    1576     536     539     513     541
              515     539     514     541     513     541
              514     540     514    4211     532     541
              513     541     513     541     514     540
              514    1575     533     541     514     540
              515     540     514

          name 2
             8437    4210     534     541     514    1575
              533     541     513     541     514     540
              515     539     514     541     514     540
              514    4211     534    1575     533     541
              514     540     514     540     514    1575
              533     541     515     539     514     541
              514   24979    8440    4216     530     540
              513    1575     534     541     513     541
              513     541     514     540     512     541
              515     539     514    4211     533    1576
              533     541     515     539     517     538
              513    1576     533     542     512     541
              513     541     514

          name 3
             8431    4211     534     540     514    1575
              533     541     514     540     514     541
              513     541     514     540     514     540
              514    4211     534     540     513    1575
              534     541     513     540     514    1575
              533     541     514     540     514     541
              513   24981    8440    4211     533     541
              513    1576     534     540     514     540
              514     540     514     540     515     541
              512     541     514    4216     528     541
              513    1575     534     540     514     541
              514    1574     535     538     514     541
              513     541     514

          name 4
             8438    4211     534     540     514    1575
              533     541     513     541     514     540
              514     541     513     541     514     540
              514    4212     532    1575     534    1575
              533     541     513     541     514    1575
              534     539     514     541     514     540
              514   23928    8439    4211     532     541
              513    1576     533     541     513     541
              514     540     514     540     514     540
              514     541     513    4211     533    1575
              534    1576     533     540     514     541
              513    1576     533     541     513     542
              512     541     514

          name 5
             8437    4215     529     542     512    1576
              532     543     512     542     513     540
              514     541     512     542     513     541
              513    4212     534     540     513     541
              514    1575     533     543     512    1575
              534     540     513     542     514     539
              514   24980    8441    4212     532     540
              515    1574     533     542     513     540
              514     541     513     541     514     540
              514     541     513    4210     534     541
              513     542     514    1575     532     541
              514    1575     533     541     513     541
              514     540     514

          name 6
             8438    4211     534     540     514    1576
              533     541     513     541     514     540
              513     541     514     541     514     539
              515    4210     534    1575     533     540
              514    1576     533     540     514    1575
              535     539     514     540     514     541
              513   23926    8439    4211     534     540
              515    1576     532     542     513     540
              514     542     512     541     513     541
              514     540     514    4211     533    1576
              533     540     514    1575     534     540
              514    1580     528     541     515     540
              513     540     514

          name 7
             8439    4211     534     539     514    1575
              534     540     514     541     513     541
              514     540     514     541     513     541
              514    4210     534     540     514    1575
              533    1575     534     541     513    1576
              533     541     513     541     513     541
              515   23931    8433    4211     534     540
              514    1575     533     541     514     542
              512     541     514     540     514     540
              514     540     515    4210     534     540
              513    1576     533    1575     534     540
              514    1575     533     542     513     541
              513     541     513

          name 8
             8437    4211     533     541     514    1575
              535     539     513     541     514     540
              522     533     513     541     514     540
              514    4211     533    1575     534    1575
              533    1576     533     540     515    1575
              533     540     514     541     513     542
              512   22871    8441    4211     533     541
              514    1575     533     540     514     541
              513     541     514     540     514     541
              513     541     514    4210     535    1575
              533    1575     534    1574     533     542
              513    1575     535     539     513     541
              514     540     514

          name 9
             8438    4211     534     540     513    1576
              533     540     514     542     514     539
              514     541     513     540     514     541
              514    4211     533     541     513     540
              514     541     514    1575     533    1575
              533     542     513     542     512     541
              514   24980    8439    4211     534     540
              514    1575     534     540     514     541
              513     541     514     541     513     540
              514     541     513    4211     533     541
              514     541     513     541     513    1577
              532    1575     534     540     514     540
              514     541     513

          name 0
             8438    4211     533     541     514    1575
              533     541     513     541     514     541
              513     541     514     540     514     540
              514    4211     533    1575     534     540
              514     540     514    1575     535    1574
              533     541     514     540     514     541
              513   23925    8441    4211     533     541
              515    1578     530     539     514     541
              513     542     513     540     514     541
              513     541     513    4210     534    1575
              533     541     513     543     512    1575
              533    1576     534     541     514     540
              513     541     514

          name 1-
             8437    4212     533     541     513    1575
              534     540     514     541     513     541
              514     540     516     539     514     540
              513    4211     534     540     515    1574
              534     541     513    1575     534    1574
              534     540     514     541     513     541
              514   23925    8441    4211     533     541
              514    1576     532     540     514     541
              513     541     514     540     514     540
              514     541     514    4210     534     541
              513    1575     533     541     514    1575
              533    1575     534     540     514     542
              512     544     511

          name 2-
             8437    4212     532     540     515    1574
              546     528     514     541     513     541
              515     539     514     540     514     541
              513    4211     534    1575     533    1575
              534     540     514    1575     533    1576
              533     543     512     540     513     542
              514   22870    8440    4212     533     541
              513    1575     534     540     514     541
              513     541     514     540     513     541
              515     539     514    4211     533    1575
              534    1575     534     540     514    1575
              533    1575     534     540     514     540
              514     541     513

          name tv/video
             8439    4210     533     541     514    1573
              534     541     513     541     513     541
              515     539     514     541     513     541
              513    4212     533    1576     533     541
              513    1576     533    1575     534     540
              514     540     514     541     513     541
              513   23934    8432    4212     533     540
              514    1575     534     540     514     541
              513     540     515     540     514     540
              514     540     514    4211     534    1574
              534     541     514    1574     533    1576
              533     541     514     540     514     540
              514     541     514

          name mute
             8438    4211     534     541     513    1575
              533     542     513     540     514     541
              513     541     514     540     515     539
              514    4211     533    1576     533     540
              515     540     513    1576     533     541
              513     542     512     541     515     539
              514   24980    8441    4209     534     540
              515    1575     533     540     514     540
              514     542     512     541     515     540
              514     540     513    4211     534    1575
              534     540     513     541     513    1575
              534     540     514     541     513     541
              514     541     513

          name standby
             8438    4216     528     541     513    1575
              534     541     514     540     514     540
              514     559     495     540     514     540
              514    4210     534     541     515    1575
              532    1575     533    1575     534     541
              513     541     513     541     513     541
              514   23926    8441    4211     533     541
              513    1575     534     540     514     541
              513     541     514     540     514     540
              514     540     514    4211     533     542
              513    1575     533    1575     534    1575
              533     541     514     540     514     541
              513     541     514

          name c/p+
             8437    4212     533     541     513    1575
              535     539     514     541     513     541
              513     541     514     542     512     541
              513    4211     534    1574     534     541
              513     541     513     541     514     542
              512     541     514     540     514     540
              514   26038    8437    4215     528     542
              512    1576     533     540     514     541
              514     540     515     539     514     541
              513     541     513    4212     534    1575
              532     542     513     540     516     540
              513     540     514     540     514     541
              514     540     515

          name c/p-
             8438    4211     533     541     516    1574
              533     541     514     540     513     542
              513     540     514     541     514     540
              514    4217     527     541     513    1575
              533     542     513     540     514     541
              514     540     513     541     514     540
              514   26034    8441    4211     533     541
              514    1574     534     540     514     541
              513     541     514     540     514     541
              513     541     513    4211     534     541
              513    1575     534     540     514     540
              514     541     514     540     514     540
              516     539     513

          name vol+
             8438    4210     535     540     513    1575
              534     540     514     541     513     541
              513     541     514     540     514     541
              513    4211     534    1576     532    1575
              534     540     514     540     514     541
              513     541     514     540     514     541
              513   24980    8441    4210     534     540
              515    1574     534     540     514     541
              513     541     515     539     514     540
              514     541     513    4211     533    1576
              534    1574     534     544     510     541
              513     541     513     541     514     540
              514     541     513

          name vol-
             8438    4210     534     541     513    1575
              533     541     514     540     515     539
              514     541     513     542     513     540
              514    4211     534     540     513     542
              513    1577     531     542     512     542
              513     540     514     541     514     540
              514   26033    8441    4211     533     540
              514    1575     534     541     514     540
              514     541     513     541     514     540
              514     540     515    4210     533     541
              513     542     513    1575     534     540
              513     541     514     541     513     541
              513     541     514

          name contrast+
             8437    4211     533     541     514    1575
              533     541     514     540     514     541
              514     539     514     541     514     540
              514    4210     534     541     513    1576
              533    1575     534     540     514     540
              514     541     513     541     513     541
              514   24979    8441    4210     534     540
              514    1575     534     541     512     541
              514     540     514     541     513     540
              515     540     514    4211     534     540
              514    1575     533    1576     533     540
              514     541     514     541     513     541
              514     544     510

          name contrast-
             8438    4212     532     541     514    1575
              533     540     514     541     514     541
              513     542     512     541     514     541
              512    4213     532    1574     533     541
              515    1574     533     541     514     540
              515     540     514     539     515     540
              514   24980    8441    4210     534     543
              511    1575     534     541     513     541
              514     540     514     541     513     541
              514     541     513    4211     534    1575
              532     541     514    1575     533     541
              514     541     513     541     513     541
              513     541     514

          name color+
             8439    4212     532     540     514    1575
              534     541     513     541     514     541
              512     542     513     540     514     541
              514    4210     534     540     514     541
              514     540     513    1575     534     541
              514     540     514     540     514     541
              513   26036    8439    4211     534     540
              513    1576     533     541     513     541
              513     540     514     541     513     541
              513     541     515    4210     533     541
              514     540     514     541     513    1575
              534     540     514     541     513     541
              514     541     513

          name color-
             8438    4211     533     541     514    1575
              534     540     514     541     513     541
              515     541     512     541     513     541
              513    4213     531    1576     533    1574
              534    1575     534     540     513     541
              514     541     513     541     513     541
              514   23926    8441    4211     533     541
              513    1575     534     540     514     541
              513     541     513     541     514     540
              515     540     513    4211     534    1575
              533    1575     533    1576     533     541
              513     542     513     540     514     540
              514     541     513

      end raw_codes

end remote

