#
# this config file was automatically generated
# using lirc-0.8.2(default) on Tue Oct  9 17:23:20 2007
#
# contributed by 
#
# brand:                       Ecotel
# model no. of remote control: 
# devices being controlled by this remote:
#

begin remote

  name   Ecotel
  flags RAW_CODES|CONST_LENGTH
  eps            30
  aeps          100

  ptrail          0
  repeat     0     0
  gap    137623

      begin raw_codes

          name Power
              620    2471     593     430     591     428
              592     432     557     464     561     459
              559     463     559     460     562     461
              560     464     557   20748     479    2505
              559     970    1101     940     562     462
              588     431     562     459     562     460
              562     462     559     460     562

          name 1
              581    2501     561     460     562     460
              562     459     596     426     562     460
              561     460     561     460     562     460
              562     459     562   20639     583    2508
              558     459     559     974     560     461
              596     426    1075     969     561     460
              561     458     562     460     561

          name 2
              585    2505     561     459     591     430
              562     460     562     460     561     460
              559     462     562     460     593     426
              598     426     594   20605     585    2503
              562     461     668     379     534     460
              562     462     560     459     562     459
              562     460     560     462     559     462
              593

          name 3
              584    2505     561     459     563     458
              595     427     564     460     560     458
              562     458     567     457     593     427
              563     457     565   20633     589    2500
              596     426     594     427     562     970
              564     457    1074     969     562     459
              564     458     596     426     595

          name 4
              612    2472     592     428     591     430
              562     460     593     429     561     460
              559     462     591     432     562     460
              559     459     561   20636     587    2502
              594     940     564     457    1106     935
             1074     971     560     460     591     430
              562     459     591

          name 5
              584    2503     560     462     560     465
              560     458     563     460     560     462
              595     429     562     455     561     462
              558     463     561   20638     615    2471
              594     940    1103     940     559     462
              563     459     565     458     557     460
             1103     943     559

          name 6
              586    2503     562     460     562     457
              562     460     561     460     562     459
              567     455     562     460     563     458
              564     472     551   20636     582    2503
              562     970    1073     460     562     969
             1074     969     562     459     562     460
              562     460     561

          name 7
              584    2501     564     460     561     460
              562     460     562     459     560     462
              561     461     561     457     594     428
              564     458     561   20640     582    2503
              562     459     562     460     596     426
              561     970    1074     969     593     431
              559     459     596     426     562

          name 8
              588    2501     563     458     562     459
              596     426     594     428     564     457
              596     425     565     457     561     460
              562     459     563   20637     587    2500
              562     970     564     457     564     458
             1073     460     593     938     640     383
              560     460     562     460     593

          name 9
              584    2500     564     457     562     460
              593     429     561     460     562     459
              565     457     562     459     562     460
              562     459     562   20637     588    2500
              564     458     564     969     562     459
             1106     938     561     460     562     459
             1074     967     599

          name 0
              585    2503     591     430     559     465
              591     428     562     460     559     462
              562     460     589     432     559     463
              559     463     559   20638     586    2503
              591     940    1103     944    1069     971
              654     379     554     456    1074     973
              558

          name AV
              619    2467     565     456     565     457
              578     444     563     458     564     457
              564     458     564     458     563     458
              564     457     564   20634     591    2498
              567     967     564     457     564     457
             1074     970     564     457     564     457
             1074     969     565

          name P-P
              587    2501     561     460     561     461
              593     428     559     462     594     428
              593     426     597     427     561     461
              559     462     593   20605     586    2503
              562     971     592     429    1072     460
              561     972     591     433     589     431
             1070     970     591

          name mute
              585    2500     564     458     564     457
              562     460     562     459     562     460
              562     459     562     460     562     459
              591     431     561   20662     563    2501
              563     459     561     972     561     460
              562     460     561     460     594     428
              561     458     563     460     562     458
              596

          name 1/2
              583    2503     594     428     561     458
              564     460     562     459     562     457
              596     426     564     458     563     460
              562     457     564   20640     617    2473
              558     459     562     459     563     973
              559     458     596     426     564     460
              594     426     560     460     562     461
              593

          name Brightness+
              585    2504     561     459     562     458
              563     460     560     565     559     357
              564     460     561     458     596     425
              567     455     564   20637     587    2501
              564     967    1074     969    1076     967
              565     457     564     457     564     458
              563     458     562

          name Brightness-
              582    2507     587     454     567     427
              564     458     593     428     562     460
              561     460     562     459     594     426
              564     461     598   20624     563    2500
              564     460     594     426     561     972
             1105     936     597     426     596     426
              562     459     562     460     562

          name Contrast+
              587    2504     593     426     561     462
              562     458     566     457     564     459
              561     458     565     459     596     423
              564     458     593   20708     486    2501
              561     970    1073     460     562     969
              564     458     561     460     564     458
              564     457     596     425     563

          name Contrast-
              596    2469     595     426     593     429
              561     460     562     458     595     429
              561     457     564     460     591     428
              564     457     594   20611     614    2471
              564     457     564     458     719     376
              520     940     561     460     562     459
              563     457     564     457     564     458
              564

          name Black+
              584    2503     562     460     561     460
              562     459     562     461     578     443
              561     460     596     425     562     460
              562     459     562   20640     618    2447
              585     968     562     461    1073     969
              594     428     562     459     562     459
              585     437     562     459     563

          name Black-
              581    2501     565     459     562     461
              563     458     561     459     562     460
              562     460     559     462     562     460
              561     460     596   20605     617    2470
              561     459     564     970    1108     935
              593     428     563     459     564     460
              593     428     594     428     592

          name T+
              618    2469     595     426     596     425
              564     458     595     426     596     426
              594     427     562     460     564     457
              562     461     563   20664     562    2502
              560     972    1070     459     677     378
              529     459     562     970     563     458
              564     457     562     460     593

          name T-
              589    2499     563     458     564     458
              563     458     565     456     565     457
              564     457     564     458     564     457
              565     457     564   20643     613    2448
              587     456     562     457     596     426
              561     463     558     458     564     457
              564     458     564     458     563     458
              595

          name Up
              588    2504     562     458     564     456
              563     458     565     458     565     454
              563     457     600     422     604     417
              565     457     563   20635     590    2501
              563     458     564     967     564     458
             1075     458     564     457     565     967
              566     455     565     456     564

          name Down
              590    2497     567     455     566     455
              566     456     566     455     567     455
              566     455     566     456     564     458
              564     456     564   20634     592    2498
              566     455     566     455     567     455
              566     456     566     456     566     454
              567     455     566     455     565     468
              553

          name Left
              589    2501     563     458     564     458
              565     457     563     457     564     458
              564     457     565     457     564     458
              563     458     564   20638     590    2509
              593     418     565     965     564     458
             1073     969     564     458     564     457
              564     458     564     457     564

          name Right
              589    2500     564     458     564     457
              564     457     564     459     563     457
              565     458     563     458     563     458
              564     457     564   20633     592    2501
              564     967     564     458     563     458
             1089     955     562     458     564     458
              564     457     564     458     564

          name Select
              592    2496     566     458     563     458
              564     458     564     455     566     457
              565     457     564     458     564     455
              564     457     564   20631     592    2498
              566     967     564     458    1075     456
              566     455     564     970     564     457
              564     455     566     456     566

          name Red
              581    2507     559     460     562     499
              520     462     561     457     565     456
              569     452     563     458     562     460
              593     428     562   20638     587    2503
              564     967    1073     970    1073     460
              563     458     562     969     562     460
              561     460     563

          name green
              591    2498     564     458     564     457
              564     458     564     458     563     458
              564     457     564     458     564     457
              564     455     567   20630     590    2498
              566     968    1073     457     565     457
              564     458     564     457     564     967
              564     458     595     426     596

          name yellow
              582    2503     593     431     562     459
              559     462     561     461     557     465
              559     462     594     429     561     461
              561     459     561   20638     616    2500
              533     462     589     430     562     972
             1072     459     561     461     559     973
              562     460     560     462     561

          name blue
              617    2471     595     426     562     460
              561     460     562     459     562     460
              562     460     561     460     562     459
              562     460     561   20641     584    2505
              592     938    1108     425     564     460
              562     969    1074     972     556     460
              594     450     571

          name disp
              583    2486     582     455     561     460
              563     459     565     456     561     460
              593     428     562     460     562     460
              561     460     562   20636     624    2467
              562     969     596     426     593     428
              596     425    1108     424     595     938
              596     425     565     457     564

          name m
              589    2502     562     457     597     425
              565     458     567     455     564     457
              565     459     563     466     558     453
              564     457     565   20633     590    2499
              563     970    1074     969    1073     458
              589     942     566     456     563     458
              564     457     564

          name dot
              585    2500     564     458     564     459
              591     429     593     430     595     427
              562     459     581     439     563     460
              559     462     594   20610     581    2503
              561     972     562     460    1071     462
              591     428     562     460     562     971
              560     459     596     428     560

          name pip
              585    2508     586     433     562     460
              561     460     562     459     592     429
              564     461     558     458     590     432
              565     457     594   20606     586    2502
              560     974     559     462    1072    1032
             1010     460     562     972     559     462
              559     463     559

          name P/C
              585    2500     565     457     564     457
              564     458     562     459     564     458
              562     459     565     457     561     460
              594     428     562   20637     583    2503
              562     461     560     971    1073     458
              562     459     565     971     561     459
              562     460     562     462     558

          name sys
              585    2503     561     460     562     460
              561     460     562     460     593     428
              562     458     563     460     562     460
              560     459     562   20641     586    2500
              562     462     559     463     559     971
             1042     492     561     970     562     459
              562     460     562     460     561

          name 3-/av
              582    2506     559     457     561     463
              559     459     563     457     563     460
              560     459     565     457     564     459
              562     460     562   20658     565    2500
              562     459     564     457     564     459
              561     459     562     460     562     460
              561     460     562     459     562     460
              561

          name 2-/+10
              559    2503     561     460     593     431
              591     428     596     428     559     460
              599     425     559     462     560     459
              562     460     594   20628     564    2507
              560     971     558     462    1109     424
              560     969     562     462     562     460
             1100     945     557

          name jos1
              584    2500     562     459     564     458
              593     429     593     428     562     459
              562     460     561     460     562     460
              562     459     562   20638     587    2502
              562     461     563     457     562     460
              562     459     562     460     562     459
              562     460     562     460     593     428
              564

          name jos2
              586    2504     593     427     597     424
              565     457     563     456     565     460
              561     457     562     463     561     457
              594     428     564   20638     586    2501
              564     458     563     970    1074     457
              564     459     562     457     565     969
              562     460     562     459     562

          name jos3
              583    2503     562     459     596     426
              562     459     562     460     562     459
              564     458     562     460     563     458
              562     459     562   20645     580    2502
              562     460     561     972    1071     460
              562     969    1075     969     566     457
              563     457     563

          name jos4
              585    2502     562     460     562     460
              561     460     627     395     563     458
              562     459     562     460     562     459
              562     460     561   20641     584    2503
              562     971     562     457     565     457
             1074     460     704     379     500     969
              564     458     562     460     599

          name mute
              617    2471     560     457     567     454
              566     456     562     459     596     425
              562     460     564     458     561     460
              562     459     562   20641     586    2500
              565     457     564     970     561     460
              562     459     562     460     563     458
              562     458     564     457     564     460
              561

      end raw_codes

end remote
