#
# this config file was automatically generated
# using lirc-0.6.5(serial) on Sat Mar 23 15:33:07 2002
#
# contributed by 
#
# brand:                       Remotec
# model no. of remote control: RM200
# devices being controlled by this remote:
#

begin remote

  name   SAT
  flags CONST_LENGTH|RAW_CODES
  eps            30
  aeps          100

  ptrail          0
  repeat  9167  2162
  gap    106300

      begin raw_codes

          name sat-off
             9168    4384     652     482     652     482
              652    1567     652     484     652     482
              652     482     651     486     649    1567
              652     481     653     482     652    1568
              652    1568     652    1568     652    1567
              652     484     652     481     651    1570
              651     484     650     482     652     481
              653     482     652    1566     652     485
              652     482     651     481     652    1567
              653    1567     652    1568     652    1570
              651     483     652    1568     652    1568
              652

          name sat-1
             9169    4387     650     482     652     482
              652    1566     653     481     652     482
              653     484     651     480     652    1570
              652     481     653     482     652    1567
              653    1568     652    1568     651    1569
              651     481     652     482     652     482
              652     485     651     482     651     483
              652    1567     652    1567     652     481
              653     483     653    1567     651    1569
              652    1568     652    1566     628     506
              653     481     653    1567     653    1568
              651

          name sat-2
             9168    4396     649     487     649     483
              649    1571     650     485     649     484
              650     483     650     485     649    1569
              650     487     649     483     652    1568
              649    1570     650    1571     649    1571
              651     484     650     485     649    1569
              651     483     650     485     649    1570
              649     484     651    1570     651     484
              649     485     649     485     650    1570
              650    1568     651     484     651    1567
              651     485     650    1570     649    1571
              650

          name sat-3
             9168    4389     650     485     650     484
              649    1569     649     486     648     488
              648     485     649     486     648    1569
              650     486     648     486     648    1572
              648    1570     650    1570     650    1570
              649     485     649     486     649    1568
              651     487     649     483     648    1570
              650    1573     647    1572     650     485
              648     485     649     486     649    1569
              651    1570     650     485     647     487
              649     483     649    1569     651    1570
              649

          name sat-vol-up
              971     801    1868     800     972     801
              971     801     971     801     972     803
              972     801     971    1678    1868     800
              972     800     972     801     972

          name sat-4
             9169    4380     651     483     651     484
              651    1570     652     483     650     482
              651     482     651     484     651    1567
              652     482     652     483     651    1569
              651    1568     652    1569     650    1570
              652     482     652     483     651     483
              651     482     651     483     653    1566
              651     483     652    1570     651     483
              650     482     651    1568     652    1568
              651    1570     653     483     651    1567
              652     483     654    1565     652    1568
              652

          name sat-5
             9166    4390     650     483     651     484
              651    1567     651     485     651     483
              651     483     651     484     651    1567
              651     483     651     483     651    1569
              652    1568     651    1568     652    1567
              651     485     652     483     651     482
              652     483     651     482     650     484
              651     483     651    1569     652     482
              652     481     651    1568     652    1569
              650    1569     651    1568     651    1570
              652     483     652    1568     651    1567
              653

          name sat-6
             9168    4383     651     487     649     484
              647    1572     650     484     650     484
              649     485     649     485     649    1569
              651     486     650     483     649    1569
              651    1569     651    1569     651    1571
              650     484     649     485     649     485
              649     484     649     486     649    1569
              650    1570     650    1572     650     484
              650     483     649    1570     650    1569
              651    1571     650     484     650     484
              649     486     649    1570     650    1570
              650

          name sat-7
             9169    4392     652     483     651     483
              654    1567     652     482     651     482
              652     482     653     481     651    1569
              651     482     652     482     652    1568
              652    1568     651    1569     653    1568
              652     482     652     483     651     483
              652    1567     651     482     652     483
              651    1568     652    1567     652     485
              651     481     652    1569     652     481
              651    1568     652    1569     653     482
              651     483     652    1568     652    1568
              651

          name sat-vol-down
              973     799     973     798    1868     800
              972     803     974     798     973     799
              973     800     976    1674    1868     799
              973     800     973    1678     973

          name sat-8
             9168    4384     652     482     652     483
              651    1567     651     485     652     482
              651     482     652     483     651    1568
              651     483     651     483     650    1569
              652    1569     651    1570     650    1568
              651     484     652     484     651     480
              651    1570     651     483     652    1567
              652     483     651    1568     651     482
              652     484     651    1567     652     483
              652    1570     653     479     652    1568
              652     483     652    1567     653    1567
              652

          name sat-9
             9167    4379     650     487     650     482
              650    1570     651     483     650     484
              650     484     649     486     649    1568
              651     486     650     482     650    1570
              650    1569     651    1569     651    1571
              651     483     650     484     651     485
              648    1568     651     483     650     487
              649     483     650    1571     650     484
              650     485     649    1568     651     485
              650    1569     650    1570     651    1567
              652     484     651    1568     652    1568
              652

          name sat-mute
              972     801    1869     799     973     799
              973     800     973     802     972     800
              973     800     972     800     973    1678
              973     801    1871    1673     973

          name sat-p2p
             9168    4383     651     483     651     483
              652    1566     652     483     650     483
              651     484     651     481     652    1571
              651     482     652     483     651    1570
              650    1568     652    1568     652    1568
              650     483     652     482     652     481
              652     483     651    1568     652    1570
              651     481     651    1570     652     482
              652     483     651    1568     653    1567
              651     482     652     483     652    1568
              651     483     651    1568     652    1567
              653

          name sat-0
             9167    4391     651     482     652     483
              651    1569     652     482     652     482
              651     483     651     483     651    1568
              651     482     652     483     652    1568
              651    1569     651    1569     650    1571
              652     482     651     481     652    1569
              651    1570     651     482     652     483
              651    1568     652    1567     652     483
              651     483     651     485     650     481
              652    1568     651    1570     652     482
              651     485     650    1567     653    1567
              653

          name sat-double
             9167    4388     651     483     651     484
              650    1571     651     483     650     483
              650     484     650     485     650    1567
              651     484     652     483     650    1569
              651    1569     651    1572     648    1570
              652     482     653     482     650     484
              651    1567     651     484     651    1569
              651    1571     650    1566     652     483
              650     485     651    1567     651     483
              652    1570     651     482     651     483
              651     483     652    1567     652    1569
              651

          name sat-p-up
             9168    4385     652     482     651     484
              652    1567     651     488     648     482
              651     483     651     483     651    1567
              653     482     651     483     651    1568
              652    1569     651    1568     653    1567
              652     484     652     482     651     481
              651    1568     652    1570     651     484
              652    1568     651    1568     651     482
              652     484     651    1568     650     483
              652     483     651    1569     652     482
              651     484     651    1569     651    1568
              652

          name sat-prev
             9168    4386     650     484     649     485
              650    1568     650     484     650     483
              651     485     652     481     650    1571
              651     483     650     484     651    1568
              651    1569     651    1570     650    1569
              650     483     650     484     651     483
              650     484     651    1570     651     482
              650    1569     651    1571     651     482
              651     485     650    1569     651    1568
              651     484     650    1568     651     483
              651     483     652    1568     651    1569
              651

          name sat-play
             9171    4390     653     483     653     479
              653    1568     653     480     654     480
              629     505     653     482     652    1566
              654     483     628     503     654    1566
              654    1566     629    1592     653    1568
              628     505     654     481     629    1591
              629    1590     629     505     655    1564
              630     505     629    1590     629     507
              654     480     654     480     654     480
              630    1589     654     480     630    1590
              629     505     654    1566     654    1566
              654

          name sat-next
             9166    4389     651     482     651     484
              651    1567     651     483     652     484
              651     483     651     484     651    1568
              651     482     651     483     651    1569
              651    1570     650    1568     652    1567
              652     483     651     484     651    1569
              650    1568     651     484     651    1570
              650    1569     651    1571     650     483
              651     483     651     482     651     485
              650    1567     651     483     651     485
              651     481     654    1565     651    1570
              651

          name sat-p-down
             9171    4392     627     504     630     505
              654    1564     630     505     653     480
              629     507     653     479     654    1567
              655     479     654     481     653    1567
              653    1566     653    1568     655    1563
              629     505     653     482     653    1567
              628    1593     652    1567     652     481
              653    1567     653    1566     653     483
              654     480     653     481     653     481
              652     481     653    1567     653     479
              629     506     654    1565     654    1567
              653

          name sat-stop
             9169    4378     653     481     653     481
              653    1566     653     481     653     480
              654     482     653     480     652    1569
              652     481     652     483     652    1567
              653    1568     651    1568     653    1567
              652     481     653     482     653    1567
              653    1566     652     482     652     483
              652     480     653    1568     653     481
              653     481     653     481     653     481
              652    1568     652    1568     653    1566
              652     483     652    1567     653    1567
              652

          name sat-pause
             9170    4385     628     508     628     504
              629    1593     652     481     628     505
              630     504     653     482     628    1590
              654     482     654     479     628    1591
              655    1564     630    1592     653    1568
              629     504     629     505     629     505
              654     481     653    1565     629     507
              630     502     654    1568     653     479
              655     481     629    1591     653    1565
              629     505     630    1591     629    1589
              655     480     654    1567     629    1590
              654

          name sat-record
             9167    4384     652     481     652     483
              651    1567     652     482     651     485
              651     483     652     482     652    1568
              650     482     652     483     651    1568
              653    1568     651    1569     651    1568
              651     483     651     482     652     484
              651     481     652    1568     651    1570
              651    1567     654    1569     651     482
              652     483     651    1569     652    1567
              651     482     651     483     651     484
              652     481     651    1568     652    1568
              651

          name sat-switch
             9097    4460     577     558     578     554
              578    1646     575     556     578     555
              579     555     578     556     578    1641
              578     558     578     554     578    1642
              578    1643     577    1642     579    1644
              576     556     578     557     578    1641
              577     557     578    1643     576     556
              578    1642     578    1642     577     558
              578     556     578     554     578    1645
              576     557     578    1641     578     555
              578     557     578    1642     578    1642
              577

          name sat-1-2
             9096    4460     579     555     579     555
              580    1640     578     555     603     530
              604     532     604     528     631    1591
              629     504     630     505     656    1564
              655    1565     630    1589     631    1588
              656     478     656     479     656    1564
              655    1564     657    1563     657    1564
              656    1563     657    1562     681     453
              656     478     681     455     681     453
              680     454     655     478     681     453
              656     478     655    1564     655    1565
              655

      end raw_codes

end remote
