#
# this config file was automatically generated
# using lirc-0.8.3(default) on Thu Jan 29 21:07:51 2009
#
# contributed by 
#
# brand:  Directtv
# model no. of remote control: H23
# devices being controlled by this remote: H23 set top box
#

begin remote

  name   Directv_H23
  flags RAW_CODES
  eps            30
  aeps          100

  ptrail        656
  repeat     0     0
  gap          29999

      begin raw_codes

          name 1
             6058    1149    1275    1126     673     555
              646     555     645     555     646     555
              645    1128     673     555     646    1126
              672

          name 2
             6058    1149    1275    1126     673     530
              671     555     645     555     646     555
             1246     554     646     555    1246     552
              645

          name 3
             6059    1149    1274    1126     674     555
              645     555     646     555     645     555
             1247    1127     672     556    1246    1125
              673

          name 4
             6057    1150    1273    1128     671     531
              670     530     670     531     669    1130
              671     556     644     556    1246    1126
              671

          name 5
             6058    1149    1275    1126     673     555
              646     555     646     554     646    1128
              672    1129     672    1128     672     554
              645

          name 6
             6058    1149    1274    1127     673     555
              645     555     646     555     645    1128
             1274     554     646    1128     672    1127
              671

          name 7
             6059    1148    1275    1126     674     554
              646     555     646     554     646    1128
             1274    1127     672    1129    1273     552
              645

          name 8
             6057    1149    1275    1126     673     555
              646     555     646     554    1247     554
              645     556     645    1128    1274     552
              645

          name 9
             6058    1149    1275    1126     673     555
              646     555     645     555    1247     554
              645    1128     673    1128    1274    1125
              672

          name 0
             6058    1149    1274    1127     673     555
              646     554     646    1128     672     556
              645    1129     671    1129    1274     552
              645

          name dash
             6059    1149    1275    1126     673     555
              646     554     646    1128     672     556
             1246     555     645    1128    1273    1126
              672

          name enter
             6058    1149    1275    1126     673     555
              646     555     645    1128     673     555
             1247    1127    1273     555     645     553
              645

          name mute
             6058    1149    1275    1126     674     555
              645    1127     674    1127    1275     554
              645    1128     672     556    1246    1125
              672

          name prev
             6058    1149    1275    1126     673     530
              671     554     646     555    1247    1126
             1274    1128    1273    1128     672     553
              645

          name chanUp
             6058    1149    1274    1127     673     530
              670     555     646     555    1246    1127
              673    1128    1274     554    1247     552
              645

          name chanDown
             6058    1148    1275    1127     673     530
              671     554     646     555    1246    1127
             1274     554    1247     554    1246    1125
              672

          name volUp
             6058    1148    1275    1127     673     532
              669    1127     673    1128    1274     554
              645    1129     672     555    1247    1125
              672

          name volDown
             6058    1149    1274    1127     673     530
              671    1127     673    1128    1274     554
              645    1129     672     555    1247    1125
              671

          name red
             6058    1148    1275    1126     673     531
              670    1128     672     556     645     555
              646    1128    1273     555     645     553
              645

          name green
             6058    1149    1275    1126     673     531
              670    1127     673     556     645     555
             1247    1126    1274     555    1246     553
              644

          name yellow
             6059    1148    1275    1126     673     531
              670    1128     673     555     645     556
             1246     554    1247     554     645    1126
              672

          name blue
             6059    1149    1274    1127     673     530
              671    1127     673     555     646    1128
              672     556    1246     555    1246     552
              645

          name back
             6058    1149    1275    1126     673     531
              670     555    1247     554     645    1128
             1274    1127     672     556     645     553
              645

          name menu
             6059    1148    1275    1126     674     530
              670     537    1265     554     645     555
              646     555    1246     555    1246     553
              644

          name info
             6058    1149    1275    1126     673     530
              671     530    1271     554    1247    1127
             1273     555     645    1128     672    1127
              672

          name guide
             6058    1149    1275    1126     673     531
              670     550    1252     554    1246     554
              645     556     645     556     644     554
              644

          name active
             6058    1149    1274    1127     673     530
              671     530    1271     555    1246     555
              645    1128     672     556     645    1126
              672

          name list
             6058    1149    1275    1126     673     531
              670     530    1272     554    1246     555
             1246     555     645     555    1246     553
              644

          name exit
             6058    1148    1276    1126     673     530
              671     530    1271     530     669    1128
             1274     555    1246    1127    1273    1126
              671

          name left
             6059    1148    1275    1126     674     530
              671     554    1247     554     646     555
             1246    1127    1274    1127     673    1126
              672

          name up
             6059    1149    1274    1127     673     530
              670     531    1271     554     645     556
              645    1128    1274     554    1246    1126
              671

          name right
             6058    1148    1276    1125     674     530
              671     530    1271     541     659    1128
              672     556    1246    1127     672    1127
              672

          name down
             6059    1148    1275    1126     673     530
              671     530    1272     554     645     555
             1247     554    1246    1128     672     554
              644

          name select
             6058    1149    1274    1126     674     530
              671     530    1271     554     646    1128
              672    1129    1273    1128    1273     553
              644

          name on
             6059    1148    1275    1126     674     530
             1272     529     670     530     670     556
              645     555    1246    1128    1273     553
              644

          name off
             6058    1149    1275    1126     673     530
             1272     529     671     530     670     555
              645    1129    1273    1128    1273    1125
              672

      end raw_codes

end remote
