# this config file was automatically generated
# using lirc-0.8.2(default) on Wed Dec 12 00:10:46 2007
#
# contributed by Mathieu Brabant
#
# brand: Mitsubishi
# model no. of remote control: ???
# devices being controlled by this remote: HD1000 Projector
#

begin remote

  name  HD1000
  flags RAW_CODES|CONST_LENGTH
  eps            30
  aeps          100

  ptrail          0
  repeat    0     0
  gap         69378

      begin raw_codes

          name PowerOn
             8450    4150     550     500     600     450
              550     500     550     500     550    1550
              550    1550     550    1550     550    1550
              550    4150     550    1550     550     500
              550     500     550     500     500     500
              600     450     550    1550     550     500
              550

          name PowerOff
             8450    4150     550     500     550     500
              550     500     550     500     550    1550
              550    1550     550    1550     550    1500
              600    4150     550     500     550    1550
              550     450     600     450     550     500
              550     500     550    1550     550     500
              550

          name HDMI
             8450    4150     550     500     550     500
              550     500     550     500     550    1550
              550    1550     550    1550     550    1550
              550    4150     550     500     550     500
              550     500     550     450     600    1500
              600    1500     600    1500     600     450
              550

          name Component
             8450    4150     550     500     550     500
              550     450     600     450     600    1500
              600    1500     600    1500     550    1550
              550    4150     600     450     600     450
              550    1550     550     500     550     500
              550    1550     550    1550     550     500
              550

          name Video
             8450    4200     550     500     550     450
              550     500     600     450     550    1550
              550    1550     550    1550     550    1550
              550    4150     550    1550     550     500
              550    1550     550     500     550     500
              550    1550     550    1500     600     500
              550

          name Computer
             8450    4150     550     500     550     500
              550     500     550     500     550    1500
              600    1500     600    1500     600    1500
              600    4150     550     500     550     500
              550     450     600     450     600     450
              550    1550     550    1550     550     500
              550

          name S-Video
             8450    4150     600     450     600     450
              550     500     550     500     550    1550
              550    1550     550    1550     550    1550
              550    4150     550     500     550    1550
              550    1550     550     500     550     500
              550    1550     550    1550     550     450
              550

          name Up
             8450    4150     550     500     550     500
              550     500     550     500     550    1550
              550    1550     550    1500     600    1500
              600    4150     550     500     550    1500
              600     450     600     450     600     450
              600     450     550     500     550    1550
              550

          name Right
             8450    4200     550     500     550     500
              550     450     600     450     550    1550
              550    1550     550    1550     550    1550
              550    4150     550    1550     550     500
              600     450     550     500     550     500
              550     500     550     500     550    1550
              550

          name Enter
             8450    4150     550     500     550     500
              550     500     550     500     550    1550
              550    1500     600    1500     550    1550
              550    4200     550    1550     550    1550
              550    1550     550     450     600     500
              550     450     550     500     550    1550
              550

          name Left
             8400    4200     550     500     550     500
              550     450     600     450     600    1500
              600    1500     550    1550     550    1550
              550    4150     600     450     600     450
              600     450     550     500     550     500
              550     500     550     450     600    1500
              600

          name Down
             8450    4150     550     500     550     500
              550     500     550     500     550    1550
              550    1550     550    1550     550    1500
              600    4150     550    1550     550    1550
              550     500     550     450     600     450
              600     450     600     450     550    1550
              550

          name Menu
             8450    4150     550     500     550     500
              550     500     550     500     550    1550
              550    1500     600    1550     550    1550
              550    4150     550     500     550    1550
              550    1550     550     500     550     450
              550     500     600     450     550    1550
              550

          name Aspect
             8450    4150     550     500     550     500
              550     500     550     450     600    1500
              600    1500     550    1550     550    1550
              600    4150     550     500     550    1500
              600     450     550     500     550     500
              550    1550     550    1550     550    1550
              550

          name M1
             8450    4150     550     500     550     500
              550     500     550     450     600    1500
              600    1500     600    1500     600    1500
              600    4150     550     450     600     450
              600    1500     600     450     550     500
              550    1550     550    1550     550    1550
              550

          name M2
             8450    4200     550     450     600     450
              600     450     600     450     550    1550
              550    1550     550    1550     550    1550
              550    4150     550    1550     550     500
              550    1550     550     500     550     500
              550    1550     550    1550     550    1500
              600

          name M3
             8450    4200     550     500     550     450
              550     500     600     450     550    1550
              550    1550     550    1550     550    1550
              550    4150     550     500     550    1550
              550    1550     550     500     550     500
              550    1550     550    1550     550    1500
              600

          name Contrast
             8450    4150     550     500     550     500
              550     500     550     450     600    1500
              600    1500     550    1550     600    1500
              550    4150     600     500     550     450
              600     450     550     500     550    1550
              550     500     550    1550     550    1550
              550

          name Brightness
             8450    4150     550     500     550     500
              550     500     550     500     550    1500
              600    1500     600    1500     550    1550
              550    4200     550    1550     550     500
              550     450     600     450     550    1550
              550     500     550    1550     550    1550
              550

          name ColorTemp
             8450    4150     550     500     550     500
              550     500     550     500     550    1550
              550    1550     550    1500     600    1500
              550    4200     550     450     600     500
              550    1500     600     450     550    1550
              550     500     550    1550     550    1550
              550

          name Gamma
             8450    4150     550     500     550     500
              550     500     550     500     550    1500
              600    1500     600    1500     600    1500
              550    4200     550    1550     550     500
              550    1550     550     450     550    1550
              550     500     550    1550     550    1550
              550

          name Sharpness
             8450    4150     600     450     600     450
              550     500     550     500     550    1550
              550    1550     550    1550     550    1550
              550    4150     550     500     550    1550
              550    1550     550     500     550    1550
              550     450     600    1500     600    1500
              550

          name AutoPosition
             8500    4150     550     500     550     450
              600     500     550     450     550    1550
              600    1500     600    1500     550    1550
              550    4150     550     500     600    1500
              550     500     550     500     550     500
              550    1550     550     500     550    1500
              600

          name Blank
             8450    4200     550     450     600     450
              600     450     550     500     550    1550
              550    1550     550    1550     550    1550
              550    4150     550     500     550    1550
              550    1550     550     500     550     500
              550    1550     550     450     600    1550
              550

          name Keystone
             8450    4200     550     450     600     450
              600     450     600     450     550    1550
              550    1550     500    1600     550    1550
              550    4150     550    1550     550    1550
              550     500     550     500     550     500
              550     500     550    1500     600     450
              600

      end raw_codes

end remote
