#
# this config file was automatically generated
# using lirc-0.6.5(serial) on Wed Mar 20 11:17:32 2002
#
# contributed by 
#
# brand:                       rm-srb5.conf
# model no. of remote control: SONY RM-SRB5
# devices being controlled by this remote: SONY CMT-RB5
#

begin remote

  name   rm-srb5.conf
  flags CONST_LENGTH|RAW_CODES
  eps            30
  aeps          100

  ptrail          0
  repeat     0     0
  gap    44763

      begin raw_codes

          name sleep
             2452     550     617     577     618     573
              624     573     619     574     620     575
             1217     572    1219     572     619     574
              617     573     640     554     622     572
             1217

          name select
             2458     547     622     571    1217     573
              637     556     620     574     619     574
             1217     574    1220     573     645     547
              621     574     619     573     620     574
             1217

          name set
             2456     552    1238     551     645     549
             1241     549     670     523     671     522
             1242     549    1246     545     645     548
              644     549     645     548     644     550
             1262

          name display
             2432     573    1242     547    1219     572
              618     577    1217     574     643     548
              621     573    1217     573     620     574
              618     574     619     574     620     574
             1214

          name enter
             2454     550    1215     574     620     574
              620     573    1214     576    1216     573
              620     574    1216     574     646     547
             1241     550     619     574    1239     551
             1216     573    1217     573     621     573
              619     574    1218     573    1217     572
             1217     574     620     573     621

          name clear
             2431     551    1241     548    1242     549
             1266     523    1241     549     671     523
              645     549     668     525     645     549
             1241     548     644     550    1241     549
             1241     549    1256     534     644     550
              645     547    1243     548    1241     549
             1242     548     644     547     648

          name md/video
             2432     575    1240     549     620     577
              619     571    1216     573     620     574
             1240     550    1240     550     633     560
              646     546     647     549     645     549
             1215

          name cd
             2432     573    1217     572     622     573
             1216     573     620     574     643     550
             1244     546     620     574     648     545
              619     573     621     575     643     549
             1216

          name tuner/band
             2454     545    1268     522     668     525
              646     550     666     527     644     547
             1244     547     648     549     643     549
              645     550     645     545     672     523
             1266

          name mode
             2432     575    1217     572    1217     573
             1218     573     644     549    1217     573
              619     578     617     573    1241     550
              645     548    1216     573    1218     572
              620

          name stereo/mono
             2429     577    1216     573     620     574
              620     573     644     549     620     573
             1218     573     645     549    1215     573
              645     550    1241     548    1216     574
              619

          name memory
             2455     549     644     549    1242     548
             1254     535    1241     549     645     548
              644     549     646     547    1242     549
              645     548    1266     525    1264     525
              670

          name cd_play
             2431     572    1216     573     644     549
             1242     548    1217     574    1214     575
             1243     547     645     548     645     549
              619     574     645     548     644     550
             1216

          name cd_pause
             2406     570    1217     575     645     548
              623     570    1216     572    1217     575
             1215     575     619     572     623     570
             1217     576     622     570    1217     573
             1216     574    1216     573     619     575
              619     572    1244     548    1218     571
             1221     569     620     573     619

          name cd_stop
             2457     550     645     549     665     528
              644     549    1238     551    1241     549
             1242     549     644     548     646     548
             1241     549     644     551    1239     550
             1241     548    1268     522     645     549
              646     547    1241     550    1240     550
             1242     548     645     548     662

          name bass-
             2434     574    1216     573    1217     573
             1216     574     646     548    1216     573
             1216     576     618     574     620     573
              620     574    1216     574    1217     573
              619

          name bass+
             2429     573     621     572    1217     574
             1216     573     639     555    1214     574
             1242     548     621     573     620     573
              645     549    1216     573    1241     550
              618

          name treble-
             2457     550    1239     548     646     547
             1269     523     642     553    1240     547
             1270     523     643     548     670     523
              645     551    1241     547    1267     525
              645

          name treble+
             2431     575     645     548     620     573
             1217     573     621     574    1215     574
             1216     576     618     573     618     575
              621     573    1217     573    1215     574
              621

          name seek_back
             2407     574    1217     573    1216     574
              619     574     620     574    1215     574
             1216     574     619     574     620     573
             1240     550     619     574    1241     549
             1218     572    1216     574     619     574
              621     571    1218     573    1217     574
             1215     574     620     574     620

          name seek_forward
             2481     525     670     523     644     549
             1242     548     671     523    1241     548
             1242     548     645     549     645     548
             1266     524     645     548    1270     538
             1229     618    1222     526     620     610
              630     494    1258     794     991     600
             1274     511     600     593     599

          name vol+
             2454     550     643     550    1216     572
              647     548     620     573    1217     573
              647     546     646     548     620     573
              620     574     619     577     620     571
             1216

          name vol-
             2432     574    1217     574    1214     574
              620     574     645     548    1215     575
              620     573     620     574     646     547
              621     574     620     572     621     573
             1217

          name previous
             2432     548     648     548     643     550
              644     549     645     549    1265     524
             1267     523     645     549     645     550
             1265     524     668     524    1264     526
             1242     548    1241     549     668     526
              644     549    1241     550    1240     550
             1265     525     645     548     645

          name next
             2453     550    1215     575     619     574
              645     548     621     573    1216     572
             1218     574     619     574     620     574
             1216     574     619     574    1217     573
             1217     575    1239     549     620     573
              620     574    1216     574    1217     573
             1216     572     621     574     620

          name dbfb
             2431     575    1215     575     619     574
              619     574     619     575    1216     574
             1216     575     618     574     619     575
              619     574    1216     575    1241     548
              619

          name playmode
             2432     549     646     547     644     550
             1241     549    1247     541     670     525
             1242     550    1242     546    1242     549
              643     550     643     550     645     549
             1239

          name repeat
             2432     574     620     573     620     573
             1221     569    1241     549     645     548
             1216     574     620     573    1216     573
              647     548     620     573     620     574
             1217

      end raw_codes

end remote
