#
# this config file was automatically generated
# using lirc-0.6.5(serial) on Sun Mar 24 14:19:38 2002
#
# contributed by 
#
# brand:                       			Sony
# model no. of remote control: 			RM-SD25-3
# devices being controlled by this remote:	
#

begin remote

  name   sony-rm-sd25
  flags CONST_LENGTH|RAW_CODES
  eps            30
  aeps          100

  ptrail          0
  repeat     0     0
  gap    44973

      begin raw_codes

          name loop
             2494     507     692     509     690     509
              691     509    1292     508    1293     508
             1292     507    1293     507    1294     507
              692     508     690     510     691     509
             1305

          name sleep
             2493     507     691     509     692     509
              700     502     690     509     690     510
             1292     507    1293     507     692     509
              691     509     691     509     692     508
             1292

          name power
             2437     562    1237     563     636     564
             1238     562     637     562    1239     562
              637     540     662     562     637     563
              636     564     637     563     637     563
             1238

          name stop
             2492     507     693     508     691     509
              691     509    1292     507    1307     493
             1293     507     693     507     692     509
             1292     508     708     494    1302     495
             1313     487    1293     508     707     493
              692     508    1315     485    1304     496
             1309     491     703     497     709

          name pause
             2452     548    1251     549     648     552
              649     551    1251     549    1251     549
             1250     550     649     551     648     552
             1250     549     649     552    1251     550
             1249     551    1250     550     647     552
              646     555    1250     549    1264     537
             1265     536     648     552     648

          name cd
             2493     508     692     508    1294     507
              691     509     691     509    1293     507
             1293     507     696     505    1291     508
              693     506     692     509     692     508
             1292

          name tuner/band
             2492     508    1293     506    1294     508
             1293     507    1293     507     692     508
              692     508     692     508    1292     508
              708     493    1291     508    1314     486
              692

          name frwnd
             2500     504     710     487     706     494
              693     507     692     508    1311     489
             1314     486     705     495     713     487
             1310     489     708     493    1313     487
             1291     509    1306     495     706     494
              700     500    1306     494    1311     489
             1312     488     715     485     706

          name ffwd
             2493     507    1328     474     692     508
              691     509     691     509    1292     507
             1293     508     692     508     692     506
             1293     508     698     501    1293     508
             1293     507    1292     508     691     528
              675     507    1293     508    1292     508
             1293     507     692     508     692

          name fwd
             2493     508     692     508     692     508
             1384     417     690     509    1293     507
             1293     507     692     508     692     509
             1292     507     692     508    1306     494
             1293     507    1293     507     692     508
              692     508    1278     523    1292     507
             1307     493     705     495     708

          name rwnd
             2509     493    1302     498    1306     493
              702     498     702     499    1305     495
             1302     497     705     495     701     500
             1303     496     702     498    1306     494
             1307     494    1309     491     706     494
              708     492    1309     492    1308     492
             1309     491     706     494     708

          name edit
             2439     562     636     564    1237     562
              638     563    1237     563     636     563
             1239     562    1238     561    1239     562
              637     563     637     562     638     563
             1243

          name check
             2493     507    1293     507     692     508
             1293     507    1293     507     692     508
              692     509     691     508    1293     508
              692     508     691     509     691     509
             1293

          name disk_skip
             2479     504     681     519    1282     518
             1287     513    1293     508    1282     517
             1299     502     681     519    1297     502
              682     519     681     496     709     513
             1282

          name clear
             2492     508    1293     507    1293     509
             1291     507    1293     508     692     508
              691     509     691     509    1291     508
              692     509     690     509     692     508
             1293

          name function
             2514     486    1309     491     707     493
              692     508    1307     493     692     508
             1303     497    1296     504     692     508
              700     501    1292     508    1298     501
              692

          name vol+
             2494     507     692     509    1292     508
              691     509     691     508    1306     494
              692     508     692     508     692     508
              691     510     691     508     692     508
             1293

          name vol-
             2493     507    1293     507    1293     507
              692     508     692     508    1293     507
              692     508     692     509     691     509
              691     509     691     509     691     508
             1294

          name menu_up
             2492     507     692     509     710     490
             1292     508    1292     507    1293     508
             1292     507    1299     502     692     508
             1305     495     691     509     691     508
             1292

          name menu_down
             2171     510    1290     510     688     512
             1289     511    1287     513    1291     509
             1291     508    1291     509     692     509
             1291     508     691     510     692     509
             1290

          name menu_left
             2493     508    1292     508    1293     506
             1295     506     692     508    1293     507
             1293     507     691     509     691     509
             1293     507     693     507     692     509
             1293

          name menu_right
             2492     508     691     509    1293     507
             1293     507     692     507    1294     508
             1293     507     692     507     692     508
             1293     508     691     509     692     508
             1293

          name menu_on/off
             2470     531     661     539     655     545
              662     538    1254     547     653     546
             1272     529     659     541     652     548
              652     548    1266     533    1251     549
              651

      end raw_codes

end remote
