#
# this config file was automatically generated
# using lirc-0.6.6(serial) on Sat Nov  2 13:57:39 2002
#
# contributed by Fabiano Freitas <fabianofreitas at gmx dot net>
#
# brand:                       SONY
# model no. of remote control: RM-SD50
# devices being controlled by this remote: Sony FH-G88AV Mini Hi-Fi Component System
#

begin remote

  name   RM-SD50
  flags CONST_LENGTH|RAW_CODES
  eps            30
  aeps          100

  ptrail          0
  repeat     0     0
  gap    44515

      begin raw_codes

          name LOOP
             2485     540     662     540     688     514
              712     515    1263     540    1261     541
             1263     540    1263     540    1289     538
              662     540     662     541     689     513
             1263

          name SLEEP
             2487     539     662     540     661     541
              686     540     662     541     686     515
             1263     540    1263     540     686     515
              690     513     686     540     688     515
             1288

          name POWER
             2465     539    1264     540     662     564
             1264     539     663     539    1264     540
              662     539     663     538     663     540
              663     564     662     540     663     538
             1289

          name CD
             2464     542     659     542    1261     567
              660     541     661     541    1263     540
             1286     518     661     540    1262     541
              685     541     661     541     662     541
             1261

          name PAUSE
             2491     516    1262     540     660     568
              660     540    1263     541    1261     541
             1262     541     687     515     662     540
             1289     539     661     541    1287     516
             1263     540    1263     539     662     540
              688     538    1263     540    1264     540
             1262     540     662     540     664

          name STOP
             2464     541     661     540     687     515
              712     515    1263     540    1265     539
             1286     515     662     541     688     514
             1288     539     687     516    1288     514
             1288     515    1286     517     662     540
              661     566    1262     541    1262     541
             1262     540     662     540     686

          name TUNER/BAND
             2484     541    1261     541    1314     513
             1263     541    1263     540     661     540
              661     542     661     542    1260     567
              686     515    1263     540    1263     540
              661

          name PREV
             2483     539     661     541     686     516
              686     541     661     541    1262     541
             1261     541     662     540     662     541
             1261     567     661     541    1287     515
             1237     567    1262     540     662     540
              662     540    1311     517    1263     539
             1262     542     662     539     686

          name NEXT
             2486     540    1263     541     661     565
              662     540     688     514    1262     541
             1262     540     688     514     662     541
             1287     540     687     515    1263     540
             1263     540    1263     540     662     540
              662     564    1264     539    1264     539
             1264     540     661     540     688

          name DECK_A
             2485     541     661     540     662     541
             1288     540     660     541    1263     540
             1264     539    1263     540     662     540
             1288     540    1262     540    1263     541
              662

          name REW
             2490     515    1262     540    1287     541
              661     541     661     541    1262     541
             1262     541     662     539     661     542
             1287     541     661     540    1288     515
             1263     540    1264     539     662     540
              687     540    1262     541    1264     539
             1263     539     688     515     686

          name FF
             2485     541     688     513     662     541
             1312     515     662     541    1287     516
             1262     542     660     540     662     541
             1287     541     661     541    1269     534
             1261     542    1262     540     662     540
              661     566    1262     541    1261     543
             1262     540     661     541     661

          name DECK_B
             2489     516     662     540     660     542
             1286     541     685     518    1263     540
             1262     540     661     542     662     540
             1287     541    1260     542    1263     541
              659

          name CHECK
             2465     541    1262     541     662     565
             1262     541    1262     540     662     541
              662     539     662     541    1264     539
              685     542     661     542     660     540
             1288

          name EDIT
             2465     539     661     541    1263     565
              688     514    1263     540     687     514
             1263     541    1261     541    1262     566
              662     540     661     541     662     539
             1264

          name FUNCTION
             2487     540    1283     519     662     565
              663     539    1263     541     661     541
             1263     540    1263     539     663     540
              687     540    1263     540    1263     539
              664

          name CLEAR
             2464     541    1287     515    1288     541
             1262     540    1263     541     687     514
              662     539     689     514    1262     566
              687     514     662     540     662     540
             1288

          name DISC_SKIP
             2464     540     661     541    1288     540
             1262     540    1264     539    1263     540
             1263     540     662     540    1288     540
              662     540     662     541     661     540
             1263

          name MM_UP
             2485     541     661     541     662     539
             1288     540    1263     541    1262     540
             1263     540    1267     536     661     567
             1261     540     662     540     663     539
             1288

          name MM_DOWN
             2467     539    1263     539     663     565
             1288     514    1263     541    1262     539
             1264     540    1263     539     688     540
             1263     539     663     540     662     539
             1315

          name MM_LEFT
             2487     538    1264     539    1289     539
             1265     539     662     539    1263     540
             1263     539     663     540     662     564
             1264     540     663     538     663     539
             1289

          name MM_RIGHT
             2485     539     663     540    1263     564
             1264     539     663     539    1265     538
             1264     539     663     540     662     539
             1289     539     663     539     664     538
             1264

          name VOL_INC
             2469     537     662     540    1263     564
              663     540     662     540    1263     539
              676     527     663     538     663     539
              663     539     688     539     663     539
             1289

          name VOL_DEC
             2487     539    1262     539    1289     539
              663     539     663     540    1263     539
              663     539     663     539     663     539
              663     564     663     538     663     539
             1265

          name MM_ON/OFF
             2465     540     663     539     687     515
              687     540    1263     539     663     540
             1262     540     662     540     663     539
              662     540    1289     538    1264     539
              663

      end raw_codes

end remote
