#
# this config file was automatically generated
# using lirc-0.8.4a(default) on Mon Oct 25 22:25:04 2010
#
# contributed by 
#
# brand: Sejin Electron 
# model no. of remote control: SWP-D3956W-KR1
# note: this is a remote control of Kreatel Tornado/K5 IPTV STB 
# devices being controlled by this remote:
#

begin remote

  name   Sejin_Electron_SWP-D3956W-KR1
  flags RAW_CODES|CONST_LENGTH
  eps            30
  aeps          100

  ptrail          0
  repeat     0     0
  gap          100096

      begin raw_codes

          name 1
             1023     921     689    1231     378     627
              335     931     402     892     375     945
              349     915     376     930     363    1234
              363     944     362    1260     364     597
              367     611     365     914     378    1892
              365     926     349

          name 2
             1049     918     676    1235     391     601
              360     935     372     903     391     890
              403     902     375     920     388    1221
              389    1251     354     908     388     591
              371     618     361     920     370     918
              392     889     403

          name 3
             1026     921     672    1282     369     588
              389     905     388     902     375     934
              375     905     361     930     393    1218
              363    1577     372     621     357     603
              375     587     389     919     374     904
              349    1276     357

          name 4
             1067     917     677    1236     387     588
              388     903     393     916     358     921
              413     881     388     902     375     919
              389    1221     390    1567     702     918
              375     904     390    1851     404     604
              357

          name 5
             1035     908     703    1251     372     588
              389     907     387     902     375     920
              388     893     376     928     391     918
              357    1583     356    1238     718     918
              361     918     388    1868     391     917
              359

          name 6
             1051     919     689    1235     373     587
              376     918     377     920     383     917
              364     918     390     920     373     906
              388    1866     388     891     735     902
              388     906     373     935     374     903
              363

          name 7
             1053     877     715    1224     404     599
              361     918     376     933     373     904
              390     904     371     922     388    1208
              401     603     360    1898     703     903
              389     921     347     929     375    1235
              372

          name 8
             1050     919     675    1236     364     628
              358     919     390     903     391     890
              403     916     376     903     391    1207
              403     917     375    1549     704     908
              401     903     372     922     388    1553
              386

          name 9
             1055     906     702    1236     373     618
              344     906     402     902     377     917
              389     892     386     934     373    1222
              391    1247     373    1221     719     894
              399     902     378     933     373    1869
              388

          name 0
             1038     921     754    1184     375     601
              361     905     428     896     371     903
              391     918     358     935     358     919
              391    1221     388    1564     373     272
              361     604     387     905     374    1882
              362     930     389

          name power
             1064     903     709    1234     374     584
              390     891     395     915     370     906
              402     905     388     903     375     906
              404     903     388    1552     388     244
              387     934     374     905     415    1538
              376     573     375

          name vol+
             1065     895     674    1260     391     602
              357     921     375     917     388     921
              358     922     387     905     386    1221
              391     587     373    1898     373     254
              379     616     360     936     371     904
              390    1548     391

          name vol-
             1025     945     692    1234     348     628
              359     920     390     920     372     889
              405     890     403     917     375     889
              430    1857     373     901     389     255
              354     627     389     904     348     947
              362    1245     363

          name mute
             1047     920     692    1232     376     585
              376     937     345     928     390     903
              390     902     376     905     388    1235
              364    1275     359     904     430    1208
              705     920     330     946     390    1550
              388

          name text
             1010     922     728    1240     369     604
              375     905     359     936     383     936
              358     905     388     907     379     912
              391    1563     375     934     358    1223
              690     938     382    1869     371     618
              373

          name tv
             1025     932     703    1224     371     620
              330     949     385     906     361     961
              317     961     374     921     370     908
              386    1240     329    1276     372     591
              372     604     346     964     370    1553
              386    1239     372

          name centro
             1021     960     660    1224     402     620
              314     948     359     948     356     927
              381     924     343     949     370     922
              373    1584     328    1251     360     932
              701     937     370     922     345    1582
              385

          name www
             1025     905     699    1251     389     619
              343     936     345     933     386     905
              389     919     331     963     357    1234
              375     937     346    1578     387     257
              374     634     343     935     373     905
              386    1883     359

          name sinistra
             1053     922     680    1229     373     618
              360     933     358     920     388     905
              389     905     373     934     373    1220
              393     916     373    1235     370     276
              348     947     388     902     374    1869
              404     586     390

          name destra
             1050     920     670    1237     390     588
              388     904     390     903     391     916
              375     907     387     903     391    1220
              388    1236     387     918     375     253
              378     935     374     903     388    1855
              404     904     370

          name sù
             1052     919     691    1235     346     616
              387     903     391     889     388     935
              373     903     389     905     389     906
              371    1883     363     613     389     254
              380     929     362     920     388    1867
              721

          name giù
             1053     916     691    1235     376     584
              376     918     389     895     399     906
              388     903     389     920     373    1221
              363     613     373    1554     403     251
              380     918     388     904     376    1897
              374     252     379

          name ok
             1032     917     691    1205     390     603
              374     919     387     921     359     921
              386     901     390     903     392     918
              376     920     372    1865     418     893
              687     936     374     903     390     918
              358

          name menù
             1048     904     690    1236     373     620
              372     904     389     906     386     908
              372     917     390     920     372    1222
              389     602     358    1568     385     577
              386     605     372     905     364    1894
              390     584     375

          name info
             1005     960     652    1261     374     618
              341     936     372     936     343     918
              387     907     390     935     357    1223
              386    1583     332     945     702     923
              347     929     372    1236     389     589
              372

          name back
             1049     938     656    1237     362     630
              348     933     386     919     374     919
              330     947     388     923     370    1223
              386     925     369    1234     404    1206
              720     934     357     907     387    1223
              370

          name stop
             1052     920     698    1230     369     588
              389     920     374     922     372     901
              374     936     373     917     362     936
              346     930     440    1816     414     203
              403     619     372     905     389    1881
              357     605     373

          name sù2
              724    1759     166    1841     323    3116
              192

          name giù2
             1065     903     689    1240     372     633
              342     939     343     948     346     934
              385     922     353     925     360     934
              383     921     331    1610     358     590
              361     645     344     935     371    1572
              368     922     346

          name sin2
             1048     920     676    1237     371     604
              372     921     389     906     387     916
              361     935     374     904     389     903
              389    1551     390     932     344     284
              363     919     374     919     388    1552
              387    1221     373

          name des2
             1052     904     682    1260     373     603
              359     918     390     919     373     901
              351     947     375     916     374     936
              373    1220     390    1263     357     257
              377     918     363     931     388    1566
              359     936     356

          name play/pausa
             1045     942     667    1245     363     613
              348     933     377     942     336     929
              378     933     360     928     366     914
              379    1260     347    1260     366     929
              347     297     351     941     367    1877
              710

          name indietro
             1010     922     730    1236     348     609
              352     930     388     906     376     928
              366     916     361     961     348     927
              391    1536     362     945     363     917
              388     266     353     946     364    1878
              378     281     350

          name avanti
              995     948     700    1262     318     651
              327     965     343     936     358     951
              343     950     341     936     358     949
              343    1898     360     646     314     963
              345     276     355     982     300    1923
              358     637     340

          name stop
              289    1681     657    1285     332     614
              105    1185     287    1023     307     989
              312    2271     341    1254     304     687
              325    1612     367     913     289     371
              308     971     330    1926     356     952
              290

          name red
              141    1834     522    1004     482    1496
              165   10148     265

          name green
             1022     922     700    1251     347     646
              315     963     327     938     357     964
              355     921     345     962     330     966
              343    1896     361     963     358     920
              675     931     346     965     345    1899
              382

          name yellow
             1019     936     727    1198     371     601
              349     965     344     949     344     949
              343     949     372     922     344    1281
              313    1596     359     632     329     317
              346     946     370     907     362     963
              328     935     359

          name blue
             1023     962     734    1175     346     632
              329     965     344     964     330     930
              388     908     344     963     332     944
              388    1225     384    1569     344     948
              676     948     344     949     344    1265
              329

      end raw_codes

end remote
