#
# this config file was automatically generated
# using lirc-0.8.0(serial) on Fri Mar 10 17:51:17 2006
#
# contributed by Fletcher Dostie
#
# brand: DirecTV
# model no. of remote control: G051204
# devices being controlled by this remote: D10, D10-200, probably others
#

begin remote

  name DirecTV_G051204
  flags RAW_CODES
  eps            30
  aeps          100

  ptrail        638
  repeat     0     0
  gap    29856

      begin raw_codes

          name Power
             6072    1098    1274    1114     677     519
              677     516     679    1114     677     519
              677     519     676    1114     678    1112
              676

          name Up
             6073    1096    1274    1114     679     517
              676     519    1276     516     677     519
              676    1114    1277     517    1274    1114
              676

          name Left
             6073    1095    1275    1114     678     517
              676     519    1275     519     676     519
             1272    1116    1276    1114     677    1112
              679

          name Right
             6059    1112    1258    1130     679     516
              677     519    1257     537     676    1117
              676     517    1260    1130     677    1114
              675

          name Down
             6071    1098    1275    1112     678     519
              676     519    1276     516     677     518
             1275     519    1274    1114     677     518
              676

          name Select
             6072    1095    1276    1117     674     519
              677     517    1277     516     676    1117
              675    1117    1274    1114    1275     516
              676

          name Pause
             6073    1095    1275    1116     676     519
              674     520    1276    1115     676     516
             1278     516     676     519     676    1114
              677

          name Rewind
             6072    1096    1273    1116     677     518
              675     521    1274    1114     677     521
             1274    1114     676     519    1274     517
              676

          name Replay
             6075    1095    1274    1116     676     519
              676     519    1274    1115     678    1114
             1277     517     676    1114     679     513
              680

          name Stop
             6075    1096    1274    1115     676     519
              676     519    1274    1117     676     516
              679    1115     676     519     676     517
              676

          name Skip
             6072    1098    1273    1114     679     518
              677     518    1274    1117     677    1114
             1276    1115     676    1114     679    1114
              674

          name Forward
             6070    1098    1274    1117     676     518
              676     519    1274    1117     675    1114
              676     519     677     529    1263     517
              676

          name Record
             6073    1095    1275    1116     677     516
              679     519    1273    1114     676    1113
              680    1114     676     519    1276    1114
              676

          name Play
             6073    1095    1276    1114     679     519
              676     516    1276    1114     676     519
              676     518    1275    1114    1277    1112
              677

          name Guide
             6071    1099    1271    1117     676     519
              674     521    1274     517    1273     519
              676     519     676     518     678     517
              674

          name Active
             6055    1114    1290    1101     690     507
              686     523    1271     507    1287     503
              674    1119     674     521     674    1117
              684

          name List
             6073    1093    1277    1114     676     519
              678     515    1276     517    1278     514
             1274     517     678     517    1279     514
              676

          name Exit
             6070    1098    1273    1114     676     519
              676     519    1275     516     676    1117
             1278     516    1273    1115    1276    1111
              677

          name Back
             6073    1095    1277    1114     676     519
              676     517    1276     517     675    1117
             1274    1116     676     517     676     516
              677

          name Menu
             6076    1095    1277    1113     678     517
              676     519    1274     519     676     516
              680     516    1277     516    1277     514
              676

          name Info
             6073    1100    1271    1115     678     517
              676     519    1258     535    1257    1133
             1274     516     676    1119     676    1114
              676

          name Red
             6074    1096    1276    1115     676     516
              679    1114     676     520     676     519
              676    1114    1277     516     677     516
              677

          name Green
             6072    1099    1274    1114     660     534
              672    1119     660     535     660     535
             1274    1116    1276     519    1274     514
              660

          name Yellow
             6075    1094    1275    1114     676     519
              676    1114     679     517     678     518
             1277     517    1274     519     678    1110
              679

          name Blue
             6070    1096    1277    1115     676     516
              679    1115     676     519     676    1116
              677     519    1273     517    1276     513
              679

          name Chan+
             6076    1094    1276    1114     676     519
              660     533     662     534    1276    1115
              676    1116    1274     517    1277     514
              676

          name Chan-
             6075    1095    1275    1114     678     517
              676     520     676     519    1274    1112
             1279     516    1276     517    1275    1112
              678

          name Previous
             6068    1101    1273    1114     676     519
              677     518     677     519    1275    1114
             1276    1115    1274    1114     676     517
              676

          name 1
             6075    1096    1273    1116     676     519
              676     519     677     519     676     517
              678    1114     678     519     676    1114
              677

          name 2
             6056    1116    1272    1116     676     519
              674     538     658     521     674     519
             1274     519     675     521    1274     517
              674

          name 3
             6024    1163    1230    1142     648     547
              650     545     648     547     649     546
             1246    1139     651     545    1262    1128
              651

          name 4
             6051    1116    1288    1104     691     505
              687     508     688     507     688    1103
              690     505     690     521    1271    1098
              690

          name 5
             6017    1148    1288    1103     690     505
              688     508     689     524     671    1121
              672    1104     688    1121     672     521
              671

          name 6
             6021    1150    1248    1140     651     563
              632     545     650     545     648    1144
             1248     544     651    1142     649    1140
              650

          name 7
             6019    1150    1288    1103     688     523
              670     509     686     510     669    1121
             1286    1105     689    1101    1288     503
              685

          name 8
             6037    1131    1237    1153     637     558
              639     558     637     556    1236     555
              637     561     636    1155    1236     553
              637

          name 9
             6022    1149    1248    1140     652     544
              651     544     651     544    1248     545
              648    1142     651    1143    1248    1137
              654

          name 0
             6021    1149    1270    1121     669     524
              671     526     669    1121     672     526
              669    1121     672    1121    1269     521
              670

          name Dash
             6035    1135    1290    1100     691     523
              672     503     674    1121     688     505
             1289     523     672    1103    1287    1101
              688

          name Enter
             6052    1118    1288    1100     690     523
              673     522     673    1103     688     508
             1288    1100    1288     504     690     519
              672

          name On
             6055    1116    1235    1154     639     556
             1237     554     639     556     639     556
              639     555    1238    1152    1239     553
              639

          name Off
             6039    1129    1234    1155     639     555
             1237     556     637     558     637     559
              637    1153    1237    1154    1237    1152
              636

      end raw_codes

end remote

