#
# this config file was automatically generated
# using lirc-0.8.1-CVS-pvr150(default) on Thu Nov 23 11:12:04 2006
#
# contributed by Chris Jacobs
#
# brand: DirecTV HD20-100
# model no. of remote control: HD20-100
# devices being controlled by this remote: DirecTV HD20-100
#

begin remote

  name   DirecTV_HD20-100
  flags RAW_CODES
  eps            30
  aeps          100

  ptrail        613
  repeat     0     0
  gap    29767

      begin raw_codes

          name 1
             6000    1150    1250    1100     650     550
              650     550     650     550     650     500
              650    1150     650     550     650    1150
              600

          name 2
             6000    1100    1250    1150     650     550
              650     550     600     550     650     550
             1250     550     650     550    1200     550
              650

          name 3
             6000    1150    1250    1100     650     550
              650     550     650     550     650     550
             1200    1150     650     550    1250    1150
              600

          name 4
             6000    1150    1250    1150     650     500
              650     550     650     550     650    1150
              650     500     650     550    1250    1150
              650

          name 5
             6000    1150    1250    1100     650     550
              650     550     650     500     650    1150
              650    1150     650    1150     600     550
              650

          name 6
             6000    1150    1250    1150     650     500
              650     550     650     550     650    1150
             1200     550     650    1150     650    1150
              600

          name 7
             6000    1100    1250    1150     650     550
              650     500     650     550     650    1150
             1250    1100     650    1150    1250     550
              650

          name 8
             6000    1150    1250    1100     650     550
              650     550     650     550    1200     550
              650     550     650    1150    1200     550
              650

          name 9
             6000    1100    1300    1100     650     550
              650     550     650     500    1250     550
              650    1150     650    1150    1200    1150
              650

          name 0
             6000    1150    1250    1150     650     500
              650     550     650    1150     650     550
              650    1100     650    1150    1250     550
              650

          name dash
             6000    1100    1300    1100     650     550
              650     550     650    1100     650     550
             1250     550     650    1100    1250    1150
              650

          name last
             6000    1100    1300    1100     650     550
              650     550     650     500    1250    1150
             1250    1150    1200    1150     650     550
              650

          name guide
             6000    1100    1300    1100     650     550
              650     550    1250     500    1250     550
              650     550     650     550     600     550
              650

          name up
             6000    1100    1300    1100     650     550
              650     550    1250     500     650     550
              650    1150    1250     500    1250    1150
              650

          name down
             6000    1150    1250    1100     650     550
              650     550    1250     500     650     550
             1250     550    1250    1150     600     550
              650

          name left
             6000    1150    1250    1150     650     500
              700     500    1250     550     650     550
             1250    1100    1250    1150     650    1150
              600

          name right
             6000    1150    1250    1100     650     550
              650     550    1250     500     650    1150
              650     550    1250    1100     650    1150
              650

          name select
             6000    1150    1250    1100     700     500
              650     550    1250     550     650    1100
              650    1150    1250    1150    1200     550
              650

          name action
             6000    1150    1250    1150     650     500
              650     550    1250     550    1250     550
              600    1150     650     550     650    1150
              650

          name list
             6050    1100    1250    1150     650     500
              650     550    1250     550    1250     550
             1200     550     650     550    1250     550
              650

          name info
             6000    1100    1250    1150     650     550
              650     500    1250     550    1250    1150
             1250     500     650    1150     650    1150
              650

          name back
             6000    1150    1250    1150     650     500
              700     500    1250     550     650    1150
             1200    1150     650     550     650     550
              650

          name power
             6000    1150    1250    1100     650     550
             1250     550     650     550     650     500
              650     550    1250    1150    1250     500
              650

          name exit
             6000    1150    1250    1150     650     500
              650     550    1250     550     650    1150
             1200     550    1250    1150    1250    1100
              650

          name ch-
             6000    1100    1250    1150     650     550
              650     500     650     550    1250    1150
             1250     550    1200     550    1250    1150
              650

          name ch+
             6000    1100    1300    1100     650     550
              650     500     700     500    1250    1150
              650    1150    1200     550    1250     550
              650

      end raw_codes

end remote
