#
# this config file was automatically generated
# using lirc-0.8.2(default) on Tue Dec 18 15:27:46 2007
#
# contributed by 
#
# brand:                       DirecTV
# model no. of remote control: RC32
# devices being controlled by this remote:
#

begin remote

  name   DirecTV_RC32
  flags RAW_CODES
  eps            30
  aeps          100

  ptrail        628
  repeat     0     0
  gap    29933

      begin raw_codes

          name enter
             6029    1150    1249    1146     664     534
              663     533    1259     562     624    1144
              663    1131    1251    1145    1262     555
              630

          name up
             6021    1159    1260    1133     647     552
              653     542    1263     533     660     535
              647    1149    1258     537    1260    1129
              650

          name down
             6031    1149    1251    1144     663     535
              663     533    1247     573     629     566
             1238     558    1234    1133     661     561
              636

          name left
             6041    1138    1251    1145     662     535
              663     532    1261     535     650     549
             1255    1136    1253    1140     663    1128
              652

          name right
             6038    1146    1254    1140     651     544
              654     545    1257     536     662    1134
              648     547    1258    1135     647    1147
              660

          name guide
             6042    1141    1264    1129     652     545
              661     538    1260     558    1235     560
              625     573     633     564     639     555
              622

          name menu
             6029    1151    1252    1144     662     535
              663     533    1252     569     628     567
              636     562    1235     560    1230     562
              627

          name back
             6042    1169    1220    1173     632     567
              626     569    1216     580     627    1166
             1216    1178     635     562     616     578
              626

          name exit
             6017    1194    1229    1162     632     566
              636     562    1215     578     629    1167
             1218     575    1225    1171    1232    1157
              631

          name info
             6054    1157    1220    1176     631     564
              627     569    1223     572    1232    1162
             1216     580     624    1169     629    1165
              629

          name ch+
             6027    1156    1248    1145     660     537
              663     533     654     569    1231    1135
              659    1137    1260     560    1238     556
              624

          name ch-
             6024    1157    1259    1132     647     552
              655     543     660     535    1263    1131
             1256     539    1256     539    1260    1130
              649

          name vol+
             6024    1156    1253    1140     665     533
              660    1133     661    1135    1258     562
              632    1137     661     561    1225    1142
              663

          name vol-
             6027    1182    1220    1173     638     558
              623    1173     633    1161    1224     571
              634    1162     622     573    1232    1160
              620

          name mute
             6024    1158    1265    1128     654     544
              661    1133     649    1147    1262     533
              662    1131     657     541    1261    1131
              649

          name previous
             6020    1161    1264    1127     650     551
              656     539     663     536    1257    1134
             1260    1133    1249    1145     662     558
              636

          name 1
             6022    1160    1263    1131     651     546
              659     539     663     533     664     532
              651    1144     663     535     663    1128
              656

          name 2
             6022    1160    1263    1130     650     546
              658     540     660     535     666     561
             1234     531     649     549    1255     535
              666

          name 3
             6020    1164    1263    1130     650     546
              661     537     663     533     667     530
             1254    1140     663     532    1261    1131
              660

          name 4
             6046    1135    1265    1128     655     544
              659     538     663     533     663    1130
              657     541     663     535    1263    1126
              656

          name 5
             6050    1133    1251    1142     663     535
              665     531     649     548     656    1138
              653    1143     662    1131     651     547
              656

          name 6
             6021    1191    1229    1162     629     568
              634     562     618     578     629    1167
             1220     575     622    1173     632    1160
              626

          name 7
             6025    1157    1259    1134     661     537
              663     533     661     535     649    1146
             1261    1133     649    1146    1261     533
              661

          name 8
             6045    1137    1265    1126     658     542
              661     535     660     538    1244     574
              631     566     641    1129    1258     560
              638

          name 9
             6047    1137    1265    1127     656     544
              660     560     638     560    1222     571
              637    1132     650    1146    1262    1129
              651

          name 0
             6029    1152    1258    1135     660     537
              652     547     657    1135     650     549
              654    1139     663    1131    1260     535
              663

          name play
             6045    1166    1227    1167     631     566
              629     567    1215    1179     633     564
              616     580    1222    1171    1225    1167
              626

          name skip+
             6051    1130    1248    1147     658     539
              661     535    1263    1128     658    1138
              651     571     629     569    1236     557
              634

          name skip-
             6047    1140    1258    1135     651     567
              638     560    1220    1173     639     557
             1220    1166     645     560    1222     570
              627

          name pause
             6013    1200    1231    1160     623     575
              631     567    1232    1159     630     568
             1232     564     622     573     625    1169
              623

          name record
             6013    1196    1236    1157     627     571
              634     564    1227    1164     634    1162
              618    1177     637     559    1216    1175
              636

          name stop
             6044    1140    1256    1137     654     544
              656     539    1259    1135     650     568
              638    1135     650     568     636     560
              668

          name red
             6030    1179    1227    1167     625     570
              627    1169     631     567     620     575
              632    1164    1216     578     629     566
              634

          name green
             6017    1191    1232    1160     631     567
              636    1157     629     569     636     562
             1231    1160    1229     566    1237     557
              629

          name yellow
             6013    1194    1236    1157     625     571
              634    1161     621     575     632     566
             1234     561    1230     564     622    1171
              636

          name blue
             6018    1168    1258    1135     647     571
              634    1153     629     556     651    1164
              620     576    1228     568    1234     559
              632

      end raw_codes

end remote
