#
# this config file was automatically generated
# using lirc-0.8.6(default) on Sun Mar  7 15:45:01 2010
#
# contributed by 
#
# brand:                       Directv
# model no. of remote control: RC64
# devices being controlled by this remote: HR22-100
#

begin remote

  name  RC64
  flags RAW_CODES
  eps            30
  aeps          100

  gap          29920

      begin raw_codes

          name KEY_PAUSE
             6050    1100    1250    1150     650     550
              650     550    1250    1150     650     550
             1200     600     600     550     650    1150
              650

          name KEY_REWIND
             6050    1100    1300    1100     650     550
              650     550    1250    1150     650     550
             1250    1150     600     550    1250     550
              650

          name KEY_STOP
             6050    1150    1250    1100     650     550
              650     550    1250    1150     650     550
              650    1150     650     550     600     550
              650

          name KEY_FASTFORWARD
             6050    1150    1250    1150     650     550
              650     500    1250    1150     650    1150
             1250    1150     650    1150     650    1150
              600

          name KEY_FORWARD
             6050    1150    1250    1150     650     550
              650     500    1250    1150     650    1150
              650     550     650     550    1250     550
              650

          name KEY_RECORD
             6000    1150    1250    1150     650     550
              650     550    1250    1150     600    1150
              650    1150     650     550    1250    1150
              650

          name KEY_RESTART
             6050    1100    1300    1100     650     550
              650     550    1250    1150     650    1150
             1250     550     600    1200     600     550
              650

          name KEY_POWERON
             6050    1150    1250    1150     650     500
             1250     550     650     550     650     550
              650     550    1250    1150    1250     550
              600

          name KEY_POWEROFF
             6000    1150    1250    1150     650     550
             1250     500     650     550     650     550
              650    1150    1250    1150    1250    1150
              600

          name KEY_POWER
             6000    1150    1250    1150     650     550
              650     550     650    1150     600     550
              650     550     650    1150     650    1150
              650

          name KEY_PLAY
             6050    1100    1250    1150     650     550
              650     550    1250    1150     650     550
              650     550    1200    1150    1250    1150
              650

          name KEY_GUIDE
             6050    1150    1250    1100     700     500
              650     550    1250     550    1250     550
              650     550     650     550     650     550
              600

          name KEY_ACTIVE
             6050    1150    1250    1100     650     550
              650     550    1250     550    1250     550
              650    1150     650     550     600    1200
              600

          name KEY_LIST
             6050    1100    1250    1150     650     550
              650     550    1250     550    1250     550
             1200     600     600     550    1250     550
              650

          name KEY_EXIT
             6050    1150    1250    1150     650     500
              650     550    1250     550     650    1150
             1250     550    1250    1150    1200    1150
              650

          name KEY_UP
             6000    1150    1250    1150     650     550
              650     550    1250     550     650     550
              600    1150    1250     550    1250    1150
              650

          name KEY_DOWN
             6050    1150    1250    1150     650     500
              650     550    1250     550     650     550
             1250     550    1250    1150     650     550
              600

          name KEY_LEFT
             6050    1100    1300    1100     650     550
              650     550    1250     550     650     550
             1250    1150    1200    1150     650    1150
              650

          name KEY_RIGHT
             6050    1100    1250    1150     650     550
              650     550    1250     550     650    1150
              650     550    1200    1150     650    1150
              650

          name KEY_SELECT
             6050    1100    1250    1150     650     550
              650     550    1250     550     650    1150
              650    1150    1200    1150    1250     550
              650

          name KEY_BACK
             6050    1150    1250    1150     650     500
              700     500    1250     550     650    1150
             1250    1150     650     550     650     550
              600

          name KEY_MENU
             6050    1150    1250    1100     650     550
              650     550    1250     550     650     550
              650     550    1250     550    1200     600
              600

          name KEY_INFO
             6050    1100    1250    1150     650     550
              650     550    1250     550    1250    1150
             1200     550     650    1150     650    1150
              650

          name KEY_RED
             6000    1150    1250    1150     650     550
              650    1150     650     500     650     550
              650    1150    1250     550     650     550
              650

          name KEY_GREEN
             6050    1150    1250    1150     650     550
              650    1100     650     550     650     550
             1250    1150    1250     550    1250     550
              600

          name KEY_YELLOW
             6050    1100    1250    1150     650     550
              650    1150     650     550     650     550
             1250     550    1200     550     650    1150
              650

          name KEY_BLUE
             6050    1150    1250    1100     650     550
              650    1150     650     550     650    1150
              650     550    1250     550    1200     550
              650
          
          name KEY_CHANNELUP
             6050    1150    1250    1100     650     550
              650     550     650     550    1250    1150
              650    1150    1250     550    1200     550
              650

          name KEY_CHANNELDOWN
             6050    1150    1250    1150     650     500
              650     550     650     550    1250    1150
             1250     550    1250     550    1250    1150
              600
         
          name KEY_PREVIOUS
             6050    1150    1250    1150     650     550
              650     500     650     550    1250    1150
             1250    1150    1250    1150     650     550
              600

          name KEY_1
             6050    1100    1250    1150     650     550
              650     550     650     550     650     550
              650    1150     600     550     650    1150
              650

          name KEY_2
             6050    1150    1250    1150     650     550
              650     500     650     550     650     550
             1250     550     650     550    1250     550
              650

          name KEY_3
             6000    1150    1250    1150     650     550
              650     550     650     500     650     550
             1250    1150     650     550    1250    1150
              650

          name KEY_4
             6000    1150    1250    1150     650     550
              650     550     650     550     650    1100
              650     550     650     550    1250    1150
              650

          name KEY_5
             6050    1150    1250    1150     650     550
              650     500     650     550     650    1150
              650    1150     650    1150     650     550
              650

          name KEY_6
             6050    1150    1250    1100     700     500
              650     550     650     550     650    1150
             1250     550     650    1150     650    1150
              600

          name KEY_7
             6000    1150    1250    1150     650     550
              650     550     650     550     600    1150
             1250    1150     650    1150    1250     550
              650

          name KEY_8
             6000    1150    1250    1150     650     550
              650     550     650     550    1200     550
              650     550     650    1150    1250     550
              650

          name KEY_9
             6050    1100    1300    1100     650     550
              650     550     650     550    1250     550
              650    1150     600    1200    1200    1150
              650

          name KEY_0
             6000    1150    1250    1150     650     550
              650     550     650    1150     650     550
              650    1150     600    1150    1250     550
              650

          name KEY_DASH
             6050    1150    1250    1150     650     500
              650     550     650    1150     650     550
             1250     550     650    1150    1250    1150
              600

          name KEY_ENTER
             6000    1150    1250    1150     650     550
              650     550     650    1150     600     550
             1250    1150    1250     550     650     550
              650
	  
          name KEY_FORMAT
             6000    1150    1250    1150     650     550
              650    1150    1250    1150     600     550
             1250    1150    1250     550     650    1150
              650

      end raw_codes

end remote
      
