#
# this config file was automatically generated
# using lirc-0.6.2 on Thu Sep 21 21:47:34 2000
#
# contributed by 
#
# brand:             schneider
# model:             ???
# supported devices: hifi-anlage (festival 2000)
#

begin remote

  name  FESTIVAL2000
  flags CONST_LENGTH|RAW_CODES
  eps            30
  aeps          100

  ptrail          0
  repeat     0     0
  gap    53814

      begin raw_codes

          name on_of
             1325     375    1314     369    1310     374
              469    1215    1307     377     464    1214
              466    1215     471    1209     472    1210
              472    1214    1309     376     465

          name volume_down
             1358     347    1336     347    1311     373
             1309     379     461    1219     462    1218
              462    1214    1336     348     468    1212
              467    1218     465    1219     476

          name volume_up
             1308     371    1313     372    1311     376
             1304     377     464    1214     466    1216
             1311     371     468    1217     463    1220
              460    1220     461    1217     465

          name prog_d
             1357     344    1337     347    1310     378
             1305     375     466    1213     472    1209
              473    1211     466    1213    1311     377
              463    1217     464    1214     467

          name prog_u
             1331     354    1308     378    1313     367
             1312     372     469    1209     467    1214
              467    1220     461    1218     465    1214
             1313     369     471    1211     468

          name tuner
             1326     377    1314     368    1312     372
              466    1214    1310     378     463    1216
              465    1213     469    1213     472    1213
             1312     373     465    1220     459

          name cd
             1339     361    1314     369    1335     349
              491    1191    1308     377     467    1217
              465    1213    1332     349     469    1213
              467    1213     468    1220     465

          name play/pause
             1349     353    1337     345    1334     350
              467    1215     466    1220    1305     375
              465    1213     470    1212     471    1210
              493    1191    1335     352     485

          name skip_f
             1335     349    1333     375    1307     377
             1306     373     469    1211     496    1185
              471    1212     466    1220     460    1219
              462    1219    1308     372     472

          name skip_r
             1331     378    1314     369    1311     368
             1310     374     467    1218     463    1217
              463    1218     463    1214     472    1210
              471    1211     468    1213    1329

          name stop
             1353     348    1337     347    1310     374
              467    1218     464    1218    1336     344
              471    1210     469    1210     469    1212
              467    1220     487    1193    1328

      end raw_codes

end remote
