#
# this config file was automatically generated
# using lirc-0.6.6(any) on Tue Mar  9 19:22:51 2004
#
# contributed by Meilof Veeningen <meilof|wanadoo.nl>
#
# brand: Aristona              37TA127403
# model no. of remote control: ?
# devices being controlled by this remote:
# Aristona 37TA1274/03

begin remote

  name   37TA1274_03
  flags CONST_LENGTH|RAW_CODES
  eps            30
  aeps          100

  ptrail          0
  repeat     0     0
  gap    113367

      begin raw_codes

          name POWER
              990     782    1874     784     962     810
              961     810     963     810     962     809
              961     810     989     782     989    1668
              989     983    1677     781     989

          name 1
              988     783    1875     782     991     780
              991     782     989     782     991     780
              991     780     991     782     989     782
              992     779     992     779     992    1667
              964

          name 2
              934     860     911     860    1799     860
              911     860     911     860     939     832
              913     861     910     838     933     861
              936     837     911    1723    1847

          name 3
              907     892    1764     893     853     920
              907     864     881     868     901     870
              901     867     907     867     931     865
              906     842     902    1780     879     894
              877

          name 4
              907     867     904     867    1820     837
              906     892     879     893     878     867
              932     842     904     867     904     867
              904    1752    1792     893     878

          name 5
              960     812    1794     865     904     892
              881     865     906     865     934     837
              881     894     902     868     878     895
              904    1755    1789    1751     906

          name 6
              907     893     853     892    1790     892
              879     895     878     867     904     893
              881     865     906     892     904     867
              881    1751     931     867    1764

          name 7
              907     893    1791     868     904     864
              882     892     878     893     879     892
              879     894     879     892     854     918
              882    1778     875     892     881     920
              851

          name 8
              936     840     903     867    1791     865
              906     868     903     868     906     865
              932     842     903     893     881    1752
             1790     866     905     867     906

          name 9
              902     895    1762     892     879     895
              876     895     879     894     876     895
              876     895     879     894     877    1778
             1764     923     848    1811     846

          name MENU
             1793    1750    1792     868     905     865
              906     868     906     865     906     865
              933    1723    1792     867     904    1753
             1819

          name PP
              934     838    1847     812     906     867
              959     812     904     893     878     870
              929     839     907     892     881    1776
              881     867     904     864    1820

          name 0
              881     893     906     867    1790     867
              906     865     906     890     883     864
              905     867     907     864     932     842
              906     865     904     867     934     862
              856

          name EXT
              904     893    1766     893     878     865
              906     867     904     893     881     865
              906    1778     932     841     904     867
             1739     918     881     893     878

          name TIMER
              907     867     904     867    1818     867
              878     893     878     870     904     865
              906    1750    1792     869     930    1725
              906     865    1794

          name UP
             1762     920     876     923     851     922
              847     924     824     950     848     920
              826     945     824    1835    1737     895
              876     922     904     840     904

          name DOWN
             1788    1835    1679    1008     766     950
              819     979     849     842     902     894
              907    1782    1679     978     819     922
              932    1727     902

          name LEFT
             1817     863     908     865     904     867
              934     837     907     864     936     838
              934     837     881    1775    1820    1725
             1819    1723     909

          name RIGHT
             1795    1748    1794     862     909     865
              908     863     934     837     909     864
              907    1750    1769    1776     906     867
             1792

          name VOL_UP
              907     890    1792     867     907     867
              876     895     876     922     852     920
              825     948     823    1808    1735     952
              874     865     934     864     932

          name VOL_DOWN
              930     869     851     920    1762     897
              849     922     874     897     876     925
              823     920     851    1831    1764     867
              877     922     876    1730     902

          name MUTE
              905     892    1765     922     849     894
              879     892     879     895     851     920
              876     895     877     894     879    1780
              876     895    1764    1781     876

          name CH_UP
              902     896     903     842    1815     870
              878     890     907     867     878     892
              879    1780    1762     895     876     923
              825     920     877     895     878

          name CH_DOWN
              905     892    1766     870     876     893
              906     865     906     865     934     839
              932    1750    1794     840     929     867
              879     869     904    1776     906

      end raw_codes

end remote
