#
# this config file was automatically generated
# using WinLIRC 0.6.5 (LIRC 0.6.1pre3) on Tue Mar 25 16:37:38 2008
#
# contributed by Daniele Verducci
#
# brand:             Sky
# model:             rev.4
# supported devices: Sky decoder, TV
#
# NOTE: Only few keys are working. No function keys, no colour keys and no "5" key. Only RAW mode.
# ATTENZIONE: Solo pochi tasti funzionano, non funzionano i tasti di controllo e il 5. Solo modalit… RAW.
#

begin remote

  name   Sky_rev.4
  flags RAW_CODES
  eps            25
  aeps          100

  ptrail          0
  repeat     0     0
  gap    122971


      begin raw_codes

          name pwr
             2810     757     529     337     529     336
              527     784     528     784     987     334
              530     335     529     336     529     334
              529     336     529     335     529     336
              530     335     534     335     530     334
              531     333     529     336     530     337
              530     336     533     336     532     336
              986     334     528     781     532     336
              530

          name sky
             2810     756     529     336     529     336
              530     783     530     782     986     334
              529     337     530     336     533     334
              530     336     529     335     532     335
              530     336     531     336     537     334
              535     335     530     336     990     781
              532     336     536     335     535     337
              530     336     532     334     532     336
              531

          name 1
             2833     758     554     335     557     336
              554     783     555     784    1010     333
              556     337     554     336     559     337
              556     337     557     336     556     337
              555     337     557     336     553     337
              552     337     557     336     557     336
              553     337     559     336     557     337
              557     337     558     336     558     336
             1011

          name 2
             2836     756     554     336     554     337
              550     783     552     783    1008     334
              554     335     549     334     549     337
              552     336     550     336     546     337
              552     335     550     337     556     336
              557     336     553     336     555     336
              558     335     558     337     552     336
              547     335     550     337    1009     781
              549

          name 3
             2835     757     556     336     557     336
              555     784     555     783    1010     334
              557     336     551     337     556     336
              558     337     558     336     556     336
              559     336     556     336     554     336
              558     336     558     335     558     336
              559     334     558     336     555     337
              556     336     558     336    1013     334
              554

          name 4
             2831     755     546     336     550     335
              543     784     555     783    1008     333
              555     334     550     336     549     336
              552     336     551     334     558     337
              550     335     545     336     548     334
              551     337     547     335     555     336
              556     336     554     334     553     335
              553     336    1012     780     546     335
              549

          name 6
             2831     755     553     336     552     333
              550     784     551     782    1012     333
              554     336     554     335     552     336
              552     337     550     335     551     335
              551     337     550     336     548     336
              556     337     554     336     553     336
              557     335     548     336     553     336
              551     336    1007     333     556     782
              551

          name 6
             2833     755     549     336     552     336
              551     782     552     784    1011     334
              552     335     553     336     547     337
              550     336     551     336     549     336
              549     336     554     335     556     336
              551     336     558     335     555     335
              556     336     550     337     558     334
              549     336    1005     334     554     783
              556

          name 7
             2837     755     557     335     557     337
              556     783     556     783    1011     334
              552     335     553     336     557     336
              558     336     556     336     553     337
              559     335     554     337     559     336
              555     335     551     337     556     337
              556     336     554     336     557     336
              558     337    1010     334     558     336
              558

          name 8
             2835     758     554     336     555     336
              550     784     556     783    1012     334
              557     337     556     336     553     337
              556     336     557     337     557     336
              559     335     557     335     557     336
              559     336     556     337     555     338
              555     336     554     336     557     337
             1013     782     551     337     558     337
              557

      end raw_codes

end remote
