#
# this config file was automatically generated
# using lirc-0.8.1-CVS-pvr150(default) on Sat Sep  8 00:24:57 2007
#
# contributed by : Matt Shaw <matt|shagshaw.com>
#
# brand:          SKY UK
# model no. :     Sky Rev. 6
# devices being controlled by this remote: MythTV/Xine/Mplayer
#

begin remote

  name   Sky_Rev._6
  flags RAW_CODES|CONST_LENGTH
  eps            30
  aeps          100

  ptrail          0
  repeat     0     0
  gap    150061

      begin raw_codes

          name POWER
             2806     779     550     340     551     338
              553     783     553     785     994     340
              551     340     551     337     553     337
              553     338     528     363     527     364
              524     366     551     337     553     339
              527     362     551     340     551     340
              550     340     551     338     553     338
              972     362     551     786     550     341
              526

          name TV_GUIDE
             2805     779     553     338     552     338
              553     782     553     784     997     338
              527     363     553     338     551     339
              551     338     555     335     554     337
              553     338     527     363     551     341
              527     360     553     337     998     338
              552     785     550     341     996     338
              525     810     552     341     550

          name BOX_OFFICE
             2803     782     550     361     505     365
              548     789     523     812     995     339
              526     364     549     343     525     384
              529     343     548     340     551     339
              551     341     525     366     524     366
              564     324     551     339     525     366
              970     365     548     363     505     365
              523     386     530     787     969

          name SERVICES
             2804     777     555     336     555     336
              552     786     552     781     999     336
              555     336     555     337     551     338
              554     336     555     334     555     336
              555     335     553     338     553     337
              553     338     553     335     555     336
             1000     335     553     337     553     338
              553     337     553     336     555     782
              553

          name INTERACTIVE
             2805     777     555     335     553     338
              553     781     555     783     999     335
              553     338     553     337     553     336
              565     326     555     335     555     336
              553     339     551     338     553     335
              555     336     556     335     999     335
              555     336     553     338     552     782
             1000     782     999

          name MUTE
             8123    3881     611     371     609     370
              610    1369     613     368     612    1369
              610     370     610     371     611     370
              610    3868     613     368     611    1371
              611     368     611     370     611    1369
              611     370     610     371     611     369
              611   23253    8125    3879     611     369
              611     370     612    1368     611     370
              611    1370     610     370     611     370
              586     393     611    3869     611     370
              612    1369     611     369     611     370
              608    1372     611     370     609     372
              608     371     610   23255    8126    3879
              612     368     609     372     609    1372
              610     369     610    1372     607     373
              609     369     612     368     612    3871
              610     370     611    1370     610

          name INFO
             2804     777     530     362     552     335
              556     781     556     782     998     336
              553     338     553     335     555     336
              555     335     555     336     554     337
              552     336     555     335     556     335
              555     336     555     336     999     335
              553     782     555     335    1000     782
              997     337     554

          name VOL+
             8124    3881     608     373     609     371
              584    1394     611     373     609    1370
              610     372     583     395     608     373
              584    3895     610    1373     608    1372
              609     371     609     372     608    1372
              608     373     583     398     608     370
              609   22247    8098    3907     608     373
              609     372     608    1371     609     373
              608    1370     610     373     608     373
              606     374     583    3896     583    1397
              609    1371     609     375     582     396
              583    1395     610     373     608     373
              582     398     607   22249    8121    3882
              585     398     607     374     606    1372
              608     396     559    1399     607     375
              606     375     581     418     588    3871
              607    1373     610

          name VOL-
             8123    3878     611     371     610     370
              611    1369     612     370     610    1369
              611     370     611     370     611     368
              611    3870     610     372     609     370
              611    1369     611     370     611    1369
              611     371     609     369     610     370
              611   23253    8127    3877     613     369
              611     371     608    1369     613     368
              611    1370     611     369     611     370
              610     371     611    3868     612     370
              609     370     611    1374     606     370
              610    1370     611     371     610     369
              611     371     611   23253    8123    3880
              611     370     610     370     611    1370
              611     369     611    1369     611     371
              610     371     608     370     610    3871
              611     369     611     370     611

          name CH+
             2804     777     554     337     553     335
              557     781     555     781     998     337
              553     335     555     336     555     336
              552     338     553     338     554     337
              552     336     555     336     555     335
              553     338     553     337     553     338
              553     335     999     782     556     335
              553     340     551     334     557     334
              555

          name CH-
             2804     777     555     335     556     335
              555     782     553     782     999     336
              555     335     553     339     552     338
              552     336     555     336     555     336
              554     335     554     338     552     338
              553     335     555     336     555     336
              554     336     999     783     552     336
              555     335     555     336     999

          name UP
             2804     777     556     336     555     335
              555     782     554     780    1000     336
              555     335     553     338     555     335
              553     338     553     336     555     335
              555     335     556     335     553     337
              553     339     552     336     555     335
              974     808     999     335     554     781
              556     335     555     335     553

          name DOWN
             2805     777     555     336     555     335
              555     779     556     782     999     335
              556     335     555     335     554     338
              552     336     555     336     555     335
              555     335     555     337     552     336
              555     335     555     336     555     335
              999     783     997     336     554     782
              555     336     999

          name LEFT
             2806     778     554     335     556     334
              554     782     556     781     999     335
              556     335     554     337     552     338
              553     336     555     335     555     335
              556     335     555     337     554     333
              556     335     555     335     555     336
             1000     778    1000     336     555     782
             1001     780     553

          name RIGHT
             2805     777     555     335     556     335
              556     781     553     782     999     336
              555     336     555     335     553     338
              553     335     555     335     556     335
              553     338     552     338     554     335
              555     335     556     335     555     336
              999     780     999     336     555     786
              994     337     552

          name SELECT
             2793     777     553     338     553     337
              553     785     552     782    1000     335
              553     337     553     338     553     339
              552     335     556     335     555     335
              553     337     553     339     552     341
              550     335     556     335     553     338
              997     784     996     339     550     338
              553     784     553     337     553

          name TEXT
             2804     777     555     336     556     335
              553     784     553     782     999     336
              553     337     553     338     552     338
              553     335     557     334     556     335
              553     337     553     338     553     335
              555     335     556     336     552     338
              553     338     997     337     553     336
              555     335     553     785     552     338
              553

          name BACKUP
             2809     777     554     333     556     335
              555     782     553     783     998     337
              556     334     554     336     554     337
              555     336     553     338     553     336
              554     335     552     340     555     335
              552     339     551     339     997     783
              553     337     553     337     554     336
              554     335     999     334     557

          name HELP
             2805     777     555     336     555     335
              553     785     552     782    1000     335
              530     360     553     338     553     338
              552     338     554     335     556     334
              555     336     553     337     554     334
              556     336     555     335     999     782
              553     337     553     339     552     336
              556     334     553     338     997

          name RED
             2804     777     553     336     554     336
              556     782     552     782     999     336
              555     337     554     335     555     336
              553     337     553     335     555     336
              555     336     552     339     553     337
              553     335     555     337     554     336
              999     336     555     779     999     335
              556     782    1000

          name GREEN
             2800     777     555     336     555     336
              552     785     552     782    1000     335
              555     335     553     338     552     339
              552     337     554     336     555     335
              553     338     553     339     551     338
              553     336     553     337     555     335
              998     338     553     782     999     335
              555     336     552     785     552

          name YELLOW
             2805     777     555     336     553     335
              555     782     553     784     998     337
              553     335     556     335     555     336
              555     335     561     330     553     335
              555     336     555     336     555     335
              555     336     530     360     553     335
             1000     336     555     782     999     335
              553     337     554     335     555

          name BLUE
             2802     780     553     335     555     336
              556     782     551     783     999     335
              556     335     553     337     554     337
              553     338     553     335     555     336
              555     335     553     338     552     339
              553     335     555     335     556     335
              997     337     553     339     552     782
              555     346     543     337     553     338
              553

          name 1
             2807     777     553     338     553     336
              555     782     555     781     998     335
              555     336     555     336     555     335
              553     337     553     338     553     335
              557     335     554     336     553     337
              553     338     553     335     555     335
              556     336     552     338     553     338
              552     336     555     339     552     336
              999

          name 2
             2807     777     555     333     556     334
              556     782     552     785    1000     332
              556     335     555     335     554     337
              553     338     553     336     554     335
              558     333     554     336     554     337
              553     338     553     336     555     335
              555     336     553     337     553     335
              531     361     556     333    1001     780
              554

          name 3
             2804     778     555     335     556     335
              555     783     551     783     999     336
              555     335     553     338     552     338
              553     336     555     336     555     335
              555     336     552     338     553     338
              552     336     555     336     555     335
              553     337     554     338     552     338
              553     336     556     334     997     337
              554

          name 4
             2807     777     553     338     553     335
              555     782     553     784     997     336
              555     335     555     335     556     335
              553     338     553     338     553     335
              555     335     556     335     553     337
              553     338     553     336     555     335
              555     336     555     335     553     338
              553     338     997     782     556     334
              553

          name 5
             2802     778     555     335     555     336
              555     782     553     782     999     336
              555     335     555     336     553     338
              552     336     554     336     555     336
              552     338     556     335     553     337
              553     336     555     335     554     337
              555     336     553     337     553     335
              556     337    1000     780     996

          name 6
             2804     777     555     336     553     338
              553     782     555     784     997     336
              553     335     555     336     555     335
              555     336     552     339     527     361
              555     336     555     335     555     335
              553     338     553     339     552     335
              555     335     556     336     552     339
              551     338     998     342     548     782
              553

          name 7
             2806     777     552     338     553     335
              556     781     553     784    1000     335
              527     361     556     335     555     335
              555     336     556     335     553     338
              552     336     555     335     555     336
              555     336     555     335     553     335
              556     335     555     335     556     335
              555     336     996     336     556     335
              555

          name 8
             2801     780     553     338     552     336
              530     807     553     785     996     337
              555     335     552     338     555     335
              554     337     553     338     552     336
              555     336     555     335     554     337
              553     337     554     334     556     336
              529     361     555     335     554     337
              998     781     555     336     553     337
              553

          name 9
             2805     777     555     335     556     335
              555     782     552     783     999     335
              555     336     555     335     553     338
              553     336     555     335     555     336
              553     337     553     338     552     336
              555     336     555     336     552     338
              553     337     553     336     555     335
              999     783     553     338     996

          name 0
             2805     778     552     338     553     338
              552     783     555     782     999     335
              553     335     556     336     555     335
              556     334     553     338     553     338
              552     336     555     336     555     336
              555     335     553     337     554     335
              555     337     554     335     553     338
              553     338     552     338     553     335
              555     336     555

      end raw_codes

end remote
