#
# contributed by Gianfe
#
# brand:             SkyHD
# model:             SkyHD remote, i dont know if this is the same
#                      used by another type of sky's decoder
# supported devices: SkyHD decoder
#
#

begin remote

  name   SKY
  flags RAW_CODES
  eps            10 
  aeps          15

  ptrail          0
  repeat     0     0
  gap          80070

      begin raw_codes

          name OK
              316     806     296    1217     296     669
              294    2735     296    1218     294    1219
              296    1081     295     805     296   12954
              296     804     295    1771     295     668
              295     668     295     943     295    1356
              296     667     296     669     292

          name up
              317     806     296    1218     294     668
              296    2736     294    1218     296    1219
              296    1082     292     806     296   12953
              294     807     295    2321     293     670
              292     670     295     946     293     806
              295     670     291     671     293

          name down
              318     805     296    1216     296     668
              295    2736     295    1217     296    1221
              294    1081     296     804     295   12953
              297     804     295    2183     296     668
              295     668     296     942     295     944
              295     667     296     667     296

          name right
              321     803     296    1219     295     668
              294    2736     294    1221     293    1219
              295    1082     295     805     295   12956
              294     803     296    1909     295     667
              296     668     295     942     297    1217
              295     668     295     668     295

          name left
              317     808     294    1220     293     670
              293    2737     294    1220     293    1221
              294    1081     296     804     296   12955
              294     803     296    2046     297     667
              294     667     296     943     295    1083
              294     668     295     668     295

	  name next
              317     808     294    1218     292     671
              293    2740     293    1220     295    1218
              293    1083     293     807     295   12928
              319     805     293     948     292     669
              294     670     294     667     294    2465
              290     668     295     668     293

          name prev
              319     804     295    1219     296     667
              293    2735     293    1220     296    1220
              293    1083     295     806     293   12934
              315     809     293     803     293     670
              293     668     299     666     294    2597
              297     668     294     670     293

          name esc
              320     804     296    1219     293     670
              293    2735     296    1223     291    1219
              296    1081     298     801     296   12955
              294     804     295    1635     295     665
              296     668     295     944     294    1495
              296     667     296     669     294

          name info
              317     806     295    1220     294     670
              292    2736     296    1220     292    1220
              296    1080     295     806     295   12956
              291     806     295    1360     293     667
              296     667     294    1359     295    1355
              297     667     294     669     295

          name red
              320     806     293    1219     296     668
              296    2736     292    1220     295    1219
              294    1081     296     807     294   12953
              295     806     295    2185     294     668
              293     670     294    1221     294     667
              293     670     294     668     295

          name green
              318     807     295    1218     296     667
              296    2737     294    1217     296    1218
              299    1079     293     806     296   12952
              295     807     296    2046     294     669
              294     667     297    1219     293     807
              295     669     294     668     293

          name yellow
              318     805     295    1220     296     668
              293    2736     295    1219     296    1218
              297    1079     295     804     296   12956
              294     805     295    1908     295     668
              296     667     296    1217     296     942
              296     669     294     667     296

          name blue
              322     804     295    1220     296     667
              294    2734     296    1220     296    1217
              296    1080     296     806     293   12955
              295     807     293    1771     295     666
              297     667     295    1220     293    1081
              296     668     295     668     295

	name 1
              319     807     295    1219     294     667
              296    2736     295    1218     295    1222
              293    1080     295     806     295   12954
              294     806     295    2597     295     667
              295     667     296     667     296     804
              296     668     295     667     296

          name 2
              319     804     295    1221     294     668
              295    2734     296    1219     295    1218
              296    1082     294     804     296   12955
              294     806     293    2458     296     667
              294     670     296     667     295     943
              296     665     299     665     295

          name 3
              319     807     294    1218     296     667
              296    2736     294    1218     296    1220
              295    1078     296     806     296   12950
              294     810     292    2322     296     667
              295     668     296     667     294    1080
              296     668     295     668     296

          name 4
              321     804     296    1221     293     668
              293    2737     294    1220     296    1217
              296    1082     295     803     296   12952
              298     805     294    2183     295     669
              296     667     295     665     296    1220
              296     666     294     668     295

          name 6
              321     806     295    1218     295     669
              294    2735     295    1219     295    1219
              294    1081     297     805     296   12953
              294     804     295    1910     294     668
              296     667     296     669     292    1494
              296     667     296     669     294

          name 5
              319     806     295    1218     296     667
              296    2735     296    1218     295    1220
              293    1081     295     808     294   12952
              295     804     296    2047     295     667
              296     666     295     668     296    1356
              295     668     296     667     296

          name 7
              321     806     296    1217     296     667
              296    2735     296    1217     295    1218
              296    1081     295     807     295   12954
              293     805     295    1770     296     667
              295     668     296     668     295    1631
              295     668     296     667     296

          name 8
              321     806     296    1217     296     669
              293    2735     296    1218     296    1217
              295    1082     297     803     296   12953
              295     803     296    1634     296     667
              296     666     295     669     293    1770
              296     667     295     677     288

          name 9
              321     804     295    1220     296     667
              294    2736     294    1221     295    1217
              296    1081     295     805     294   12954
              296     804     296    1495     295     668
              293     668     296     667     296    1909
              294     667     294     668     296

          name 0
              322     807     292    1220     295     668
              295    2734     294    1220     297    1217
              295    1081     296     803     298   12953
              295     804     295    2737     294     668
              295     665     296     669     294     667
              296     668     295     665     296


      end raw_codes

end remote
