#
# this config file was automatically generated
# using lirc-0.6.6(serial) on Wed Nov 10 22:32:42 2004
#
# contributed by M. Fleischer
#
# brand:  Humax                  
# model no. of remote control:  RT-511V 
# devices being controlled by this remote: DVB-T Receiver
# to use with VDR please press button 'DTV' on remote control !!!!
# Most, but not all buttons on remote control are configured - just try out

begin remote

  name   Humax_RT-511V
  flags CONST_LENGTH|RAW_CODES
  eps            30
  aeps          100

  ptrail          0
  repeat     0     0
  gap    106832

      begin raw_codes

          name Volume+
             9036    4395     658     448     656     450
              656     475     658     449     632     474
              657     451     655     476     632     474
              632     474     632     476     655     476
              657     449     657    1559     679    1553
              659     447     657     458     652    1578
              634    1604     632    1580     661    1578
              657    1555     657     453     654     474
              657     449     657     449     654     457
              679     449     632     474     656     451
              656    1579     634    1582     655    1579
              634

          name Volume-
             9032    4397     629     479     627     479
              652     478     630     478     628     478
              628     480     650     479     654     454
              627     479     627     503     632     475
              629     476     630    1605     635    1579
              632     476     654     477     632     475
              630     476     629     479     652     477
              632     475     630     476     630    1607
              633     475     630    1585     652    1582
              632    1584     653    1582     631    1605
              632    1582     629     479     652    1583
              631

          name Mute
             9034    4395     632     476     630     477
              654     477     631     476     630     476
              630     478     652     477     629     476
              632     477     629     478     653     478
              627     479     628    1586     652    1580
              632     476     655     476     631     477
              630     475     630     479     652    1582
              632    1584     652     479     629     477
              630     476     630    1607     632    1580
              657    1583     630     477     632     475
              653    1582     632    1582     655    1581
              630

          name Channel+
             9035    4398     655     450     631     476
              652     480     605     503     601     502
              632     476     652     478     605     501
              630     476     605     505     653     476
              632     474     604    1613     626    1607
              606     501     629     501     632     476
              630     476     605     503     652     479
              630    1581     606     500     631     502
              631     475     630    1584     652    1583
              657    1561     626    1606     632     474
              627    1611     605    1610     627    1609
              605

          name Channel-
             9034    4395     658     447     634     474
              654     476     635     472     658     449
              658     448     683     448     659     448
              658     447     634     477     679     449
              659     447     634    1582     654    1580
              659     447     657     456     677    1554
              632    1589     675    1555     632    1606
              632     475     631     474     657     454
              655     474     632     475     631     474
              654     456     654     472     659    1555
              655    1582     659    1555     681    1555
              634

          name Red
             9032    4400     629     499     607     501
              632     479     627     498     609     498
              606     501     632     499     607     499
              608     498     607     501     632     499
              608     499     606    1587     651    1583
              629     499     632     478     629     499
              607     499     608    1606     632    1580
              632    1606     632     499     607     499
              608     500     630    1582     629    1588
              653     498     607     499     608     498
              634    1582     630    1584     654    1582
              630

          name Green
             9034    4397     631     474     632     474
              657     475     657     450     632     473
              660     449     654     484     625     474
              632     473     632     480     679     448
              657     450     656    1560     653    1580
              657     449     654     459     677    1556
              655     450     657    1581     633    1582
              655    1583     628     475     656     453
              679     450     634     471     635    1584
              677     449     632     474     659     447
              656    1582     632    1582     655    1582
              657

          name Yellow
             9031    4398     629     479     627     478
              653     478     630     478     628     478
              628     480     650     479     630     478
              627     479     627     502     633     474
              630     480     626    1586     654    1579
              631     477     654     477     631     476
              629    1584     653     478     630    1581
              631    1607     632     476     631     475
              631     480     650    1582     632     476
              655    1582     632     476     629     477
              654    1583     629    1582     657    1580
              632

          name Blue
             9035    4399     630     499     606     499
              632     479     629     499     608     498
              607     498     632     501     608     498
              608     499     606     501     630     501
              607     499     608    1586     652    1580
              632     500     633     477     627     500
              607    1582     656    1582     629    1584
              655    1583     628     499     608     500
              632     499     607    1582     654     479
              630     499     608     497     632     474
              632    1584     630    1582     654    1585
              629

          name 1
             9032    4399     604     502     605     502
              628     500     608     501     655     451
              629     479     654     476     632     474
              630     477     629     478     656     475
              605     501     630    1587     652    1582
              630     477     626     504     606    1608
              604    1633     632     475     628     478
              630     478     653     478     630     476
              630     476     627     481     630     501
              605    1607     627    1611     603    1609
              627    1610     632    1585     625    1612
              601

          name 2
             9007    4447     581     503     603     504
              624     506     605     503     603     503
              654     452     652     479     604     505
              628     474     605     506     652     478
              628     478     628    1608     607    1605
              605     501     628     505     606     500
              632     474     605    1635     601     504
              627     479     604     504     630     504
              626     476     605    1612     625    1609
              605     503     627    1610     603    1609
              627    1612     605    1608     628    1607
              605

          name 3
             9035    4396     604     501     605     504
              627     503     605     503     603     504
              603     504     650     479     632     474
              632     474     632     478     628     501
              604     504     627    1589     626    1612
              624     478     627     504     605    1606
              605     504     627    1609     605     503
              627     481     625     505     605     500
              604     501     630     480     653    1582
              630     476     627    1612     629    1583
              655    1584     629    1582     655    1585
              629

          name 4
             9031    4402     629     500     606     499
              632     479     627     501     607     500
              606     499     633     498     609     496
              610     499     608     501     629     498
              609     497     610    1586     650    1583
              628     502     629     479     629     499
              609    1583     655    1581     632     476
              631     499     631     478     630     477
              630     475     627    1609     630     479
              629     476     653    1584     632    1580
              654    1585     632    1582     654    1582
              630

          name 5
             9030    4398     605     501     632     477
              626     504     629     477     604     501
              632     478     626     505     628     476
              605     504     600     508     652     477
              629     476     605    1614     625    1609
              602     501     630     501     607    1607
              605    1634     630    1582     604     504
              625     505     605     502     604     501
              603     508     652     476     603     503
              605     501     628    1611     605    1609
              652    1584     630    1584     628    1609
              602

          name 6
             9006    4428     652     453     626     477
              654     481     604     502     631     474
              630     476     631     500     603     504
              604     501     605     505     652     476
              628     478     603    1613     653    1582
              630     477     626     485     647     479
              628     478     627     479     627    1612
              602     503     630     479     628     503
              627     479     602    1612     627    1607
              605    1634     606     501     604    1609
              627    1610     607    1607     627    1609
              605

          name 7
             9006    4423     632     475     606     501
              628     502     632     474     606     502
              603     506     625     503     632     477
              629     476     630     478     627     504
              629     474     607    1614     623    1607
              607     499     655     459     624    1610
              629     476     628     503     630    1582
              607     503     627     502     631     474
              657     450     629     481     627    1607
              605    1613     677     450     605    1609
              627    1609     630    1584     653    1584
              630

          name 8
             9007    4424     604     501     630     476
              627     503     631     478     606     499
              607     502     653     477     630     477
              605     500     657     452     653     477
              629     477     654    1563     651    1580
              632     476     628     503     632     476
              605    1607     628     502     606    1610
              628     478     628     501     605     503
              605     501     627    1612     602     501
              605    1614     653     474     605    1606
              629    1609     605    1609     629    1608
              630

          name 9
             9035    4420     608     477     628     478
              653     478     631     477     628     479
              627     498     632     499     610     478
              627     479     627     499     631     481
              628     498     607    1587     652    1580
              632     479     653     476     631    1580
              632    1607     632     476     630    1584
              652     479     629     476     630     479
              624     501     632     479     630     476
              629    1587     652     476     628    1582
              657    1583     632    1581     655    1582
              633

          name 0
             9059    4371     657     449     656     450
              656     476     657     458     624     475
              656     451     679     452     632     474
              657     449     656     454     679     450
              656     449     657    1562     677    1555
              632     476     656     454     678     449
              632     474     631    1605     659    1555
              656     452     657     476     655     448
              632     474     655    1584     657    1554
              655     456     654     475     656    1555
              657    1582     657    1555     682    1557
              657

          name Back
             9030    4401     629     476     603     503
              655     476     629     479     604     500
              605     505     651     480     628     479
              602     503     603     506     631     498
              608     500     603    1613     625    1607
              658     449     631     500     630    1584
              603     502     628     503     630     476
              657     451     603     505     654    1581
              604     502     629     483     625    1607
              606    1613     625    1610     602    1634
              630    1581     606     502     628    1611
              627

          name Up
             9062    4371     632     474     656     449
              658     473     660     448     632     475
              633     474     655     476     632     474
              632     474     632     478     655     473
              632     474     632    1585     679    1555
              632     474     654     459     652    1581
              655     452     654     477     656     449
              657    1557     680     451     632     474
              632     474     657     453     679    1555
              632    1588     677    1554     632     475
              655    1583     657    1555     656    1582
              658

          name Down
             9033    4396     631     474     632     476
              655     476     656     450     632     474
              656     452     681     451     632     473
              658     448     632     478     655     475
              631     474     632    1586     652    1580
              635     473     655     458     650    1580
              634     475     653    1583     632     476
              632    1604     657     449     657     451
              656     453     654     474     632    1582
              655     455     652    1580     634     474
              655    1585     629    1584     653    1583
              657

          name Left
             9036    4394     634     474     657     449
              656     475     636     473     657     448
              656     452     679     450     658     449
              658     448     632     476     680     449
              636     472     657    1558     680    1555
              658     448     654     458     677     449
              633    1583     679     448     659     449
              657    1558     679     451     657     449
              656     450     655    1584     631     474
              657    1560     679    1555     657     449
              681    1556     634    1580     681    1558
              656

          name Right
             9060    4369     634     471     659     450
              654     478     658     447     634     475
              656     451     655     474     659     449
              632     474     632     477     680     449
              632     474     657    1559     680    1555
              632     474     680     432     654     472
              658     448     657    1565     650     473
              657    1557     655     477     656     450
              657     448     656    1583     656    1555
              655     455     655    1580     657     449
              682    1556     633    1582     679    1557
              657

          name Ok
             9036    4395     632     474     657     449
              656     475     658     450     632     474
              632     476     655     476     657     449
              632     474     656     454     680     449
              656     449     658    1559     654    1580
              657     449     657     456     652    1579
              632    1605     659     449     657     449
              657    1582     658     447     632     474
              657     454     679     450     656     449
              656    1562     652    1582     658     446
              657    1582     658    1556     680    1558
              656

          name Menu
             9032    4397     632     476     631     475
              655     476     632     477     630     475
              630     478     654     478     628     477
              629     476     630     481     652     476
              630     476     629    1588     651    1583
              629     476     655     476     632     476
              630    1582     658    1581     630    1584
              655     476     629     477     629     477
              630     480     653    1581     632     474
              654     459     650     476     657    1554
              657    1582     632    1580     657    1582
              632

          name Exit
             9007    4423     605     501     605     503
              652     478     606     501     605     501
              610     501     649     478     631     475
              605     501     632     479     625     503
              633     473     630    1588     650    1582
              630     479     627     504     605     500
              631    1584     627    1612     604     501
              630    1607     607     498     632     476
              628     483     625    1609     605     501
              653     478     632    1582     628     478
              629    1608     604    1611     653    1584
              631

          name Off
             9034    4398     630     476     629     477
              627     504     632     475     603     504
              629     479     625     504     606     501
              630     476     606     504     651     478
              628     475     632    1587     652    1582
              632     474     630     502     606     501
              630     476     629     481     623     506
              629     476     631     477     603     506
              625     503     605    1607     630    1610
              628    1582     628    1612     629    1582
              655    1584     632    1582     627    1609
              605

          name Guide
               061    4373     631     473
              632     476     655     476     657     449
              633     473     657     451     654     477
              656     450     633     476     630     478
              679     449     632     476     654    1562
              652    1582     631     475     656     475
              632    1582     630    1607     632     477
              628    1585     679    1556     631     476
              631     480     652     476     632     474
              633     473     654    1583     631     477
              632     473     654    1584     632    1582
              656    1579     634

          name List
             9033    4398     629     477     629     476
              656     475     632     477     629     476
              630     478     655     476     630     476
              629     477     630     482     651     476
              630     476     633    1584     652    1581
              633     474     654     477     634    1579
              633     475     656    1581     632    1582
              655     476     657     450     655    1560
              653     475     632     475     631    1586
              654     473     657     450     632    1603
              634    1582     631     475     655    1582
              657

          name Pause
             8479    4108     620    1475     618     440
              618     442     592     468     593     463
              595     440     620     441     619     442
              591    4109     619    1478     615     441
              618    1476     617    1498     595     443
              616     440     618     443     591     467
              594   23181    8479    4106     620    1476
              619     460     598     463     571     487
              571     466     595     461     598     462
              596     463     573    4110     619    1496
              595     443     618    1476     616    1499
              593     466     595     461     597     463
              571     487     574

      end raw_codes

end remote
