#
# this config file was automatically generated
# using lirc-0.7.0-CVS(serial) on Tue Jun 29 11:07:43 2004
#
# contributed by ceho|op.pl
#
# brand: sharp
# model no. of remote control: G0379GE
# devices being controlled by this remote: video cassette player
#

begin remote

  name   Sharp_G0379GE
  flags CONST_LENGTH|RAW_CODES
  eps            30
  aeps          100

  ptrail          0
  repeat     0     0
  gap    67572

      begin raw_codes

          name Operate
              345    1791     323    1783     327     736
              321     730     323     734     324     731
              324    1788     556    1555     323     733
              324    1789     643     412     325     730
              324     731     323    1788     689     370
              326

          name Rec
              342    1789     324    1789     324     732
              327     728     322     733     328     863
              363     562     319     733     328    1784
              324     730     351    1765     327     728
              322     732     325    1788     320     733
              326

          name Stop
              347    1788     323    1786     494     585
              305     728     323     733     324    1791
              621    1488     323    1789     325     730
              642     418     320    1787     324     733
              326     733     697    1410     328     731
              323

          name Play
              323    1790     323    1788     321     736
              324     728     328     731     319     736
              551    1559     350     704     368     691
              322     732     322    1791     322     841
              242     707     322    1791     323     730
              320

          name Pause
              373    1763     703    1408     326     733
              323     732     322     731     714    1415
              308     733     329    1804     301    1168
              623     321    1819     292     731     351
              706     327    1783     327    1252

          name Rew
              350    1935     371    1594     322     731
              324     735     323     941     113    1832
              299    1771     320     732     325     732
              662     456     263    1786     324     731
              324     732     324    1879     235     732
              323

          name FF
              348    1787     325    1790     320     732
              324     734     322     734     522    1587
              329     729     322     733     322     737
              320     733     322    1788     326     730
              328     727     328    1785     322     734
              323

          name Eject
              322    2064      45    1787     328     734
              322     729     323     889     174    1883
              226    1785     323     735     319     735
              323    1788     327    1783     329     730
              321     732     324    1791     321     733
              326

      end raw_codes

end remote
