#
# this config file was automatically generated
# using lirc-0.6.6(sir) on Mon Jun 30 16:08:18 2003
#
# contributed by
#
# brand:                       rca.conf
# model no. of remote control:
# devices being controlled by this remote:
#

begin remote

  name   rca_33379-1
  flags RAW_CODES
  eps            30
  aeps          100

  ptrail          0
  repeat     0     0
  gap    8440

      begin raw_codes

          name 0
             4866    2175    7837    2173    2590    3080
              385    1548     246    2183     109    1547
              384    1549     383     776     383     776
              384     777     382    3683     383    1549
              384     774     385     775     383     776
              383     776     108    2171     247     777
              382     776     383     776     384    1547
              385    1548     383    3691     385     774
              385     776     383    1548     385    1546
              316    2173      39    1549     384    1547
              799


          name 1
             4386    2173    7837    2171    3074    3080
              385    3692     384    1546     386    1548
              382     776     385     774     385     776
              245    2173     108    1548     383    1548
              385     776     383     776     383     775
              386    3691     382     776     383     776
              385     775     384    1548     383    3692
              384    1548     383     777     383     775
              385    1547     385    3691     388    1543
              385     776     797


          name 2
              107    2171    7837    2173    7353    5222
              385    1548     383    1549     385    3692
              383     776     383     776     384     775
              385    1548     383    3692     385     773
              385     776     383    1548     385     774
              385     775     383     777     108    2170
              246     776     382    1551     383    1549
              382    1548     386    2916     385     776
              383    1548     385    1546     385     776
              383    3692     799


          name 3
             2316    2174    7834    2175    5145    5222
              385    1546     385    1549     383    1548
              385     774     384    2919     383     777
              384    1547     385    1548     383     775
              383    2920     385    1547     384    1549
              385     774     384     775     384     777
              313    2180      39    1542     384    1549
              383    1549     384     774     385     774
              108    2173     245    1548     383    1549
              384     776     383     776     798


          name 4
             1626    2174    7835    2185    5835    5212
              385    1548     383    1548     385    1547
              384    2919     383     777     384     774
              385    1549     382    1549     384     774
              317    2172      39    1548     383     776
              383     776     385     774     384     777
              383     775     385    3691     384    1549
              383    1548     385     774     385     775
              178    2172     177    1548     385     774
              385    1548     383    1548     800


          name 5
             1141    2170    7837    2173    6318    5224
              383    1548     385    1546     388    1546
              383    2920     385     773     385     776
              383    1548     383    1549     384    2918
              384    1549     384     775     385    1548
              383     775     385     774     385    2916
              384    1549     383    1548     385    1546
              385     776     108    2174     244     778
              383    1546     385     776     383    1548
              385     774     592    2177     173


          name 6
             6317    2174    7837    2173    1143    3079
              385    1548     385    3688     385    1548
              383     776     385     774     385     774
              384    1549     245    2173     110    1547
              384     776     383    1549     384    1547
              385    2918     383     776     383     776
              384     775     384    1549     383    1548
              385    3691     383     776     385     774
              385    1548     383     776     383    2918
              385    1547     799


          name 7
             7213    2174    7835    2174     246    3080
              384    1549     383    1548     383    3691
              385     774     385     776     383     776
              384    1548     384    3692     383     775
              385    1549     383    1548     384    1547
              108    2173     247     775     383     776
              385     774     385    1548     383    1549
              382    3693     385     774     385     776
              383    1548     385     774     384    2919
              383     776     798


          name 8
             5350    2173    7837    2173    2110    3079
              384    1549     383    3692     384    1547
              384     777     383     775     385     774
              384    3693     383    1548     385    1548
              383     776     383     776     385    2918
              384     774     385     776     382     776
              383    1549     384    1549     314    2171
               39    1549     384     775     384     776
              384     775     383    1548     386    3691
              383    1548     798


          name 9
             7145    2176    7766    2176     380    3081
              383    1548     383    1549     384    3692
              383     776     383     775     385     774
              385    1548     383    3692     384    1549
              383     775     383     776     385    1548
              383    2920     382     776     383     776
              384    1549     383    1548     383    3692
              384     774     385     776     383     776
              384    1548     384    3693     383     775
              798


          name ant
             3419    2173    7837    2173    4041    3081
              384    3691     385    1548     383    1548
              383     776     385     775     383    2919
              383     776     384     775     385     773
              386    1547     383     776     385    3691
              383     776     383     776     385     775
              384    1549     382    3692     383    1548
              385    1549     382    1549     384    3693
              383     775     384    1548     385     773
              800


          name audio
             4522    2173    7836    2174    2937    3080
              384    3692     383    1548     383    1549
              384    1549     383    1548      39    2171
              317    1549     383    1548     383     776
              385     774     384     776     382    2920
              383    1548     384     776     383     778
              381     776     384     774     385    2918
              384     776     383     776     383    1548
              385    1548     383    3692     382    1549
              384     775     799


          name chan+
             3834    2175    7767    2174    3691    3079
              386    3690     383    1549     385    1546
              385     776     383     776     382    2920
              384    1547     384     777     383    1548
              385    1546     385    2919     382    1549
              385     774     384     776     383     776
              383    3692     384    1549     382    1549
              385     774     385    1546     385    2919
              383     775     385    1547     384     776
              798


          name chan-
             6249    2173    7837    2171    1212    3080
              384    1549     383    3691     384    1548
              384     774     385     775     383     776
              385    1547     178    2173     176     776
              383    1548     385    1552     380     776
              383     776     385    2917     384     774
              385     775     383    1549     384    1547
              385    3691     383     777     384    1547
              384     777     382     776     385    3689
              385    1548     798


          name clear
             2523    2172    7837    2173    4937    5226
              383    1548     385    1546     385    1549
              382     776     385    2917     384     776
              383     776     383     776     385     774
              385    1548     383    3690     385     774
              384     776     383     776     383     776
              385    1547     178    2172     178    1548
              383    1548     385    1548     383    1549
              313    2175      39    1547     385     775
              383     776     385    1546     799


          name display
             1832    2172    7837    2174    5627    5223
              385    1552     379    1548     385    1549
              383    2924     377     776     385     774
              384    1549     383    1548     385    3690
              384    1549     383     776     384     774
              386     775     383     776     383    2919
              385    1546     385    1548     385    1546
              385     776     383    2921     382     776
              385     773     385    1549     383    1548
              799


          name ffwd
             4317    2174    7836    2173    3144    3082
              382    3691     386    1546     385    1549
              382     776     384     775     384     775
              178    2171     177     776     383    1549
              384    1548     384    1548     383    2918
              385     774     385     776     382     776
              385     775     384    1549     383    3691
              383    1549     384    1549     383     775
              385     774     384    2918     384    1549
              383    1548     799


          name minus
             5834    2173    7837    2173    1627    3079
              383    1549     385    3692     382    1548
              385    1547     385     775     383    1549
              176    2175     177    1547     385     776
              382     776     383    1549     384     777
              383    2916     383     775     385     774
              385     774     385     776     383    1549
              384    2917     385     774     384    1549
              385    1546     385     776     383    3691
              385    1546     799


          name mute
             7009    2174    7835    2173     453    3080
              383    1548     385    1549     383    3691
              385    1548     383     776     383     775
              385    1547     177    2174     176    1549
              383    1548     385    1548     383    1549
              314    2174      39    1547     385     775
              383     776     383     777     384     774
              385    3692     383    1549     385     773
              385     776     383     776     383     776
              384    2918     385     775     798


          name off
             4180    2173    7836    2173    3283    3080
              383    3691     385    1548     383    1549
              384    1549     382     776     383    2920
              385    1548     383    1548     383    1549
              385     774     179    2173     176    1548
              385    1546     385     776     383     776
              383     776     385    2915     385    1548
              383    1548     386     773     385     776
              383     776      39    2173     315    1547
              385     776     383     775     798


          name pause
             1555    2171    7839    2172    5904    5222
              385    1548     383    1549     385    1548
              383    2919     384     774     385     775
              384     776     384    1547     385    1547
              247    2173     108     775     383     776
              385    1546     385     776     383     776
              383     776     385    3689     385    1549
              383    1548     384    1549     383    2918
              383     776     385    1546     385    1549
              382     776     800


          name pc
             3420    2174    7835    2173    4043    3080
              382    3692     384    1549     382    1549
              383     776     385     775     383    2920
              383    1548     385     774     385     776
              383    1549     384    3690     384    1549
              383     776     385     774     385     773
              385    3692     383    1546     385    1548
              383     776     385    1547     384    3692
              383     776     382     777     385     775
              798


          name play
             6109    2186    7766    2163    1420    3079
              385    1549     382    3693     384    1546
              385     776     383     776     383     776
              385     774     384    3690     383     776
              385    1546     385     776     383    1548
              385    2918     384     775     384     777
              381    1549     385    1548     383    3691
              385    1548     384     775     383    1549
              384     774     385    3692     382     776
              798


          name plus
             3834    2173    7837    2173    3627    3080
              383    3691     385    1548     383    1549
              384    1549     383     776     107    2185
              246    1548     385    1546     385     776
              383     776     383    3680     384     774
              385    1548     383     776     385     773
              385     774     385    2919     383    1548
              385     774     385     776     383    1548
              385    3690     385     776     383    1548
              385     774     799


          name prog
             2798    2173    7837    2172    4662    3080
               39    2178     311    1548     383    1548
              387    1544     385     776     383    2919
              385     774     384     775     385     775
              383    1549     385     773     385    2920
              383     776     383     776     384     774
              386     773     385    1548     385    3690
              385    1548     383    1548     386    1546
              384     776     177    2172     176    1548
              385    1548     383    1549     797


          name rec
             3556    2173    7837    2174    3903    3080
              383    3691     385    1548     383    1549
              383     775     385     776     383    2919
              383     776     385    1546     385     776
              383    1548     385    3689     385    1548
              385     774     385     774     385     774
              385    3691     385    1547     384    1549
              384    1547     385     776     383    3693
              382     776     385     775     383     776
              798


          name reset
             6801    2180    7768    2167     727    3079
              384    1549     383    1549     176    2174
              177    1548     384    1549     383     776
              385     773     385     774     385    3692
              383     775     385     775     384    1548
              383     777     384     774      39    2171
              316     774     385     776     383     776
              385    1547     384    1548     383    3692
              384     775     385    1548     384    1548
              384     776     314    2173      39    1548
              798


          name rew
             4039    2173    7838    2175    3420    3079
              385    3689     385    1549     382    1549
              385     774     384     775     384    2918
              383     776     385    1546     385    1548
              385    1547     385    2918     383    1548
              385     774     385     774     385     776
              382    1550     107    2180     239    1549
              383    1549     382    1549     384     775
              385    2918     383     776     384    1547
              385     776     797


          name sap
             7282    2173    7837    2172     177    3081
              383    1549     384    1547     385    3691
              385     774     384    1549     383     776
              384    1547     385    3691     383     776
              384     775     385     774     384     776
              383     776     385    2917     384     775
              385    1548     383     775     385    1549
              383    2919     382     776     385    1548
              383    1549     383    1548     385    3692
              798


          name setup
              314    2174    7837    2171    7146    5223
              383    1548     385    1548     383    3692
              384     774     385     776     383     776
              383     776     385     773     385    3692
              382     776     383     777     384     774
              385     776     383     775     383     776
              385    3690     384    1549     383    1548
              385    1548     383    3692     382     777
              384    1548     383    1549     384    3691
              798


          name stop
              936    2173    7837    2179    6527    5216
              384    1549     383    1548     383    1549
              247    2173     107     777     383     775
              383     776     385     774     384    1549
              383    3690     384    1547     385    1548
              385    1547     384     776     383    2919
              385     774     385    1548     383    1549
              383    1548     247    2172     109    1548
              383     776     385     773     385     774
              385     776     383     776     385    2172
              384


          name tv
             2867    2175    7836    2173    4593    3080
              177    2182     176    1549     383    1548
              385    1548     383    1549     245    2164
              108     774     385     777     382    1548
              386    1546     384    1549      39    2173
              314     776     384    1547     385     775
              383     776     383     777     384     774
              178    2184     176     776     383    1548
              385    1547     384     776     383     776
              383    2909     384    1549     383     775
              383    1549     799


          name vcr
             5350    2173    7837    2173    2110    3079
              385    1549     383    3691     384    1547
              385     776     382     776     383     776
              385    3691     383    1548     385    1547
              384     776     383    1549     177    2173
              178     775     384     776     383     776
              383     776     384    1547     385    3691
              383    1549     384     775     384     777
              382     776     383    1549      39    2172
              315     775     383    1549     797


          name video
             4662    2174    7836    2172    2799    3082
              383    1548      39    2172     315    1548
              384    1549     383    1549     384    1547
              178    2173     176    1549     384    1548
              384     776     383     775     385     774
              385    3691     386     773     385     775
              384     774     385     775     383     776
              385    2917     385     776     382     777
              383    1549     384    1548     383    3692
              384     774     385    1548     798


          name vol+
             2521    2173    7837    2173    4939    5222
              384    1548     383    1549     385    1546
              385    3691     385     774     385     774
              384    1549     383     776     384    1548
              384    3691     383    1549     384    1547
              384     777     383     775     177    2173
              178     774     385     774     384    1549
              383    1548     385     774     385    3691
              383     776     385     774     385     774
              384     776     798


          name vol-
             6386    2173    7837    2172    1075    3080
              384    1547     384    3692     384    1547
              384    1549     383     776     383     775
              385    3690     385     775     383    1549
              384    1549     383    1548     385    2918
              385     775     384     776     383     775
              386     773     385    1548     383    3692
              384     775     384    1549     383     776
              384     775     384    2916     385    1548
              798

      end raw_codes

end remote
