#
# this config file was automatically generated
# using lirc-0.8.2(default) on Sat Jun 16 23:38:23 2007
#
# contributed by Klaubert Herr
#
# brand: RCA
# model no. of remote control:
# devices being controlled by this remote: DB200 (use by Sky in Brazil)
#

begin remote

  name   Sky_BR-RCA_DB200
  flags RAW_CODES|CONST_LENGTH
  eps            30
  aeps          100

  ptrail          0
  repeat     0     0
  gap    106247

      begin raw_codes

          name Power
             2738     813     521     786     512     361
              508     364     509     888    1053     344
              527     345     949     793     521     348
              964     344     525     345     529     778
              513     360     506     364     513     359
              916     389     493     814     500     368
              497

          name Mute
             2734     819     519     784     513     357
              512     360    1480    1320     526     342
              956     786     510     361     962     343
              524     373     501     784     512     356
              514     359     492     379     914     392
              488     815     935

          name 1
             2722     830     524     778     510     363
              506     363     514     887    1052     346
              523     347     946     795     529     342
              938     372     499     368     504     802
              491     382     491     382     488     381
              489     382     486     383     485     386
              935

          name 2
             2733     816     527     781     509     363
              510     360    1483    1314     525     347
              958     784     506     362     962     346
              527     343     524     784     517     355
              518     351     516     356     496     373
              499     374     919     820     502

          name 3
             2742     810     521     783     509     362
              510     362     506     892    1051     347
              523     349     943     799     528     341
              953     356     516     355     518     789
              504     364     511     364     506     364
              495     375     492     377     926     382
              483

          name 4
             2742     807     514     791     533     340
              527     343    1493    1306     520     351
              942     800     524     344     933     376
              514     358     513     793     514     355
              487     385     492     379     488     382
              923     820     502     368     502

          name 5
             2746     805     514     793     521     348
              523     349     509     892    1046     353
              516     354     941     799     529     341
              954     353     518     355     496     811
              482     385     490     383     492     380
              488     381     938     805     924

          name 6
             2751     800     510     796     529     341
              529     343     529     871    1043     355
              518     356     950     789     528     343
              949     359     504     366     508     797
              496     377     483     389     487     381
              491     380     933     375     481     824
              501

          name 7
             2749     805     508     794     531     341
              529     342    1486    1315     504     365
              964     776     512     362     946     357
              485     388     491     815     497     373
              487     384     487     384     491     382
              923     382     483     389     488

          name 8
             2732     818     531     777     515     356
              513     359     510     888    1051     346
              526     345     927     818     497     371
              939     369     503     367     496     812
              492     377     493     378     494     378
              919     821     503     368     504     366
              496

          name 9
             2749     803     507     798     528     342
              531     341    1486    1316     498     370
              936     808     493     375     917     387
              487     385     492     816     498     372
              485     388     486     384     930     810
              500     373     924

          name 0
             2737     814     521     783     508     361
              513     362     507     893    1045     352
              516     357     952     788     522     347
              942     365     511     359     508     799
              500     373     497     372     484     387
              487     385     492     380     492     377
              495     378     493

          name EPG
             2745     803     513     794     528     343
              522     348    1493    1304     527     346
              946     794     520     351     965     342
              527     343     527     345     520     350
              508     797     504     368     935     374
              497     808     483     387     491

          name Menu
             2746     803     511     798     528     343
              526     344     526     873    1035     362
              512     361     935     809     509     359
              959     347     515     357     507     799
              932     376     503     802     482     388
              930     377     490     815     503

          name Left
             2733     817     527     781     513     355
              512     360    1472    1325     519     350
              965     780     510     358     941     365
              499     374     506     802     923     816
              932     377     497     807     939     804
              490

          name Rigth
             2738     813     523     781     511     361
              511     362     513     885    1054     344
              527     341     934     811     518     351
              942     366     502     367     504     806
              917     822     932     378     492     813
              936     369     503

          name Up
             2747     803     513     795     524     345
              521     349    1490    1310     524     346
              948     795     523     346     940     367
              510     361     503     803     933     810
              919     386     486     821     500     372
              490     378     486

          name Down
             2737     812     520     788     524     346
              524     348     522     878    1056     341
              503     367     953     791     516     353
              940     366     503     367     502     807
              928     814     918     387     489     817
              496     376     940

          name Ok
             2732     818     531     776     509     360
              512     360    1484    1316     522     346
              938     803     511     362     928     379
              509     363     488     817     934     810
              937     368     497     372     489     819
              502     368     504

          name Green
             2736     811     529     781     514     356
              514     358     513     885    1056     340
              528     344     954     789     484     388
              930     374     483     387     490     819
              933     375     493     811     939     367
              506     363     505     808     484

          name Red
             2749     803     510     795     531     338
              531     341    1492    1307     521     352
              941     800     528     341     933     374
              498     373     498     809     940     365
              504     804     921     386     484     821
              933

          name Blue
             2751     814     496     796     530     341
              528     342     529     873    1050     348
              507     364     934     808     503     368
              947     358     494     378     492     813
              937     370     503     367     503     808
              489     380     493     379     490     378
              494

          name Yellow
             2726     824     529     775     513     362
              508     361    1480    1316     531     342
              953     788     517     355     935     371
              525     346     515     791     924     383
              491     814     939     368     504     368
              503     368     501

          name ?
             2730     818     531     775     515     357
              512     358     507     892    1053     347
              522     347     947     796     525     347
              937     367     505     367     523     348
              501     369     503     804     489     384
              925     814     923     387     478

          name Back
             2729     822     527     781     510     359
              510     362    1481    1315     522     348
              940     802     507     365     925     388
              510     354     511     359     497     810
              525     346     486     385     485     385
              492     380     932     374     482

          name TV
             2745     806     518     787     521     351
              507     365     510     889    1049     351
              518     351     941     800     528     343
              953     357     512     358     510     794
              938     806     505     364     511     363
              506     362     934     373     491

          name Vol_Up
             2748     803     511     793     528     344
              530     341    1483    1317     505     364
              961     782     517     353     917     389
              507     365     508     799     493     376
              489     383     930     810     503     370
              500     373     499     370     500

          name Vol_Down
             2747     804     510     794     532     342
              528     344     528     869    1036     364
              507     364     961     782     511     361
              953     349     512     361     508     798
              515     356     523     346     940     804
              493     381     494     374     923

          name Ch_Up
             2726     826     526     780     512     359
              509     360    1480    1318     527     344
              958     786     512     356     930     379
              503     368     487     818     496     374
              938     805     491     380     490     381
              492     378     491     382     493

          name Ch_Down
             2727     820     532     775     512     361
              510     361     511     887    1052     347
              522     348     947     794     526     346
              959     350     519     349     522     784
              507     365     927     815     498     375
              497     373     499     371     920

          name Plus
             2747     804     511     794     531     341
              529     341    1488    1313     513     356
              953     787     506     367     928     378
              496     374     483     823     929     815
              486     384     940     366     498     811
              495     373     496

          name i
             2731     820     528     780     507     363
              511     360     510     889    1054     341
              529     343     949     794     529     344
              953     353     516     354     518     355
              512     358     504     366     501     369
              505     803     929     812     934

      end raw_codes

end remote
