#
# this config file was automatically generated
# using lirc-0.8.0(serial) on Mon Apr 24 23:13:21 2006
#
# contributed by kerryh
#
# brand:                       foxtel
# model no. of remote control: 
# devices being controlled by this remote: Foxtel Digital Satellite STB
#

begin remote

  name   foxtel
  flags RAW_CODES|CONST_LENGTH
  eps            30
  aeps          100

  ptrail          0
  repeat     0     0
  gap    99922

      begin raw_codes

          name av
              423     298     127     304     129     653
              128     305     134     474     130     646
              131     646     131     305     129     306
              124     310     127     645     132     477
              130     645     130     307     124     819
              124     648     135     298     129

          name FOXTEL
              444     282     162     270     168     603
              170     266     176     427     177     599
              176     598     177     261     169     274
              166     268     170     606     169     434
              170     599     177     605     172     257
              178     774     170     606     168

          name Power
              453     268     171     267     168     608
              170     259     178     432     169     608
              170     609     174     259     176     259
              170     268     175     594     176     433
              167     609     176     259     172     266
              168     781     169     259     176

          name tvGuide
              420     299     134     301     127     653
              123     313     124     478     130     645
              133     638     132     311     122     309
              133     304     131     645     125     480
              124     645     130     817     131     304
              130     818     134     303     131

          name boxOffice
              423     297     131     304     132     645
              131     305     129     472     131     651
              126     644     123     313     132     303
              131     306     125     651     130     475
              124     648     132     810     132     478
              131     472     133     479     121

          name active
              444     272     177     262     178     597
              179     258     176     432     171     600
              175     599     174     259     172     266
              176     258     176     607     170     428
              176     598     171     777     174     773
              173     769     169     435     169

          name planner
              446     269     172     266     168     608
              169     265     167     435     177     601
              176     598     178     259     177     259
              168     266     176     600     170     433
              171     605     172     773     177     765
              177     432     179     257     177

          name setup
              445     271     178     259     175     601
              170     264     173     428     180     600
              176     602     175     260     168     266
              170     259     183     601     176     434
              175     601     176     426     177     432
              176     428     176     259     175

          name i
              447     276     169     268     168     601
              177     259     169     433     177     601
              178     599     177     260     168     270
              167     267     169     603     174     427
              176     605     170     262     170     267
              176     767     177     770     173

          name vol+
              455     267     177     258     176     599
              177     261     171     433     176     599
              178     600     176     260     177     258
              173     260     176     601     177     426
              175     605     173     269     167     434
              170     260     178     260     176

          name vol-
              445     269     176     259     177     601
              177     261     168     443     169     600
              178     598     176     267     168     259
              176     262     169     602     175     433
              177     597     178     259     175     428
              177     259     175     434     169

          name ch+
              448     266     178     255     176     606
              170     260     176     432     170     604
              173     602     177     257     178     259
              176     259     176     602     168     439
              171     607     174     260     169     599
              182     260     176     258     174

          name ch-
              423     298     124     307     132     644
              132     302     128     482     123     652
              124     645     132     305     127     311
              132     304     124     655     129     475
              131     637     129     313     131     643
              125     312     131     480     127

          name up
              445     275     170     265     168     605
              173     260     178     433     168     607
              168     599     176     267     168     266
              170     266     172     602     177     433
              168     608     169     433     177     425
              177     598     173     267     172

          name down
              447     272     133     304     132     646
              130     298     132     477     130     645
              130     648     126     312     125     304
              132     304     130     647     124     479
              132     645     130     480     133     470
              133     644     131     479     125

          name left
              451     264     172     266     169     603
              174     259     178     434     168     607
              170     607     168     266     174     259
              168     264     176     600     176     433
              167     607     170     434     177     432
              167     606     174     602     177

          name right
              445     276     175     264     169     600
              170     266     175     428     174     603
              171     607     169     261     177     266
              168     266     169     607     169     431
              169     603     132     478     130     472
              132     646     132     811     170

          name select
              447     267     175     257     179     601
              176     259     168     434     176     603
              175     599     176     258     175     260
              177     267     170     597     176     433
              175     600     177     432     171     430
              173     774     170     267     171

          name mute
              446     269     174     263     177     599
              170     268     177     424     178     598
              176     600     181     261     169     260
              176     259     180     597     176     428
              176     599     174     262     175     262
              176     771     176     423     177

          name back
              450     271     169     262     178     599
              174     265     176     425     177     602
              172     602     176     259     172     265
              176     259     176     599     177     424
              176     606     168     600     177     260
              178     258     176     767     176

          name help
              453     272     177     260     169     608
              169     267     167     433     178     601
              175     600     170     266     172     260
              175     261     177     598     174     433
              177     592     177     601     183     254
              176     267     174     426     177

          name red
              444     271     186     258     177     600
              177     258     175     428     177     600
              170     605     181     249     177     260
              175     269     168     599     175     431
              177     599     174     435     172     600
              172     775     170     435     169

          name green
              446     273     176     256     177     600
              177     259     175     427     176     601
              176     598     175     264     177     259
              168     267     169     605     172     432
              177     601     177     425     178     600
              174     767     177     600     175

          name yellow
              446     268     177     260     170     605
              174     261     169     432     177     599
              176     600     176     259     175     262
              176     264     170     602     177     433
              170     607     168     435     176     593
              176     772     174     772     172

          name blue
              450     263     179     260     175     600
              170     266     175     426     177     601
              176     601     171     265     169     267
              176     254     175     599     177     434
              169     607     169     435     173     773
              177     252     177     267     170

          name 0
              437     277     169     269     169     599
              179     266     169     436     168     603
              172     601     177     258     175     268
              167     266     171     598     176     432
              181     594     170     267     169     266
              170     267     169     258     177

          name 1
              446     272     171     266     170     607
              168     267     168     435     170     607
              170     602     176     261     168     266
              169     266     176     606     169     433
              168     607     176     263     172     261
              175     259     175     428     177

          name 2
              447     266     178     261     169     606
              175     258     178     433     170     607
              168     608     169     266     171     260
              176     258     176     600     173     436
              170     606     169     260     175     259
              177     265     176     594     173

          name 3
              445     276     169     260     176     598
              176     259     175     429     173     609
              170     605     167     265     177     258
              175     261     169     607     171     433
              171     609     162     266     175     262
              177     259     175     771     176

          name 4
              447     267     179     259     169     609
              169     263     175     433     168     607
              170     608     168     268     168     266
              171     266     169     599     174     433
              177     600     176     259     170     267
              169     432     172     268     168

          name 5
              451     269     173     267     169     600
              178     258     176     428     177     603
              175     600     168     267     175     259
              176     257     179     598     176     427
              178     608     167     267     169     265
              174     426     176     435     169

          name 6
              445     268     177     266     168     601
              176     264     174     426     175     601
              178     604     170     261     175     259
              175     268     168     602     172     434
              175     599     176     258     175     270
              160     440     168     604     174

          name 7
              452     269     171     263     168     606
              171     266     168     434     177     601
              169     606     171     267     167     267
              170     265     175     603     167     433
              175     607     170     260     176     265
              170     432     169     780     168

          name 8
              445     274     173     260     174     602
              168     267     177     430     170     602
              176     601     170     266     170     267
              169     266     168     608     167     435
              169     602     175     262     175     266
              169     601     170     266     175

          name 9
              446     273     173     260     170     604
              178     259     168     442     162     606
              171     610     170     262     176     258
              169     268     170     605     173     430
              176     607     173     259     176     260
              176     598     176     433     168

      end raw_codes

end remote
