#
# this config file was automatically generated
# using lirc-0.7.0-CVS(serial) on Tue Jun 29 11:13:33 2004
#
# contributed by ceho|op.pl
#
# brand: samsung
# model no. of remote control: AH59-00043E
# devices being controlled by this remote: all-in-one (cd,tape,radio)
#

begin remote

  name   Samsung_AH59-00043E
#  flags CONST_LENGTH|RAW_CODES
  flags RAW_CODES
  eps            30
  aeps          100

  ptrail          0
  repeat     0     0
  gap    49985

      begin raw_codes

          name OnStandby
             3354    1869     483    1100     480    1106
              479     391     454     445     480     392
              455     386     481    1104     482     443
              457    1126     465    1123     452     391
              478     446     455    1130     453     393
              477    1103     480     446     453    1131
              453     392     482     387     454     448
              477     395     450     392     481     387
              457     444     481     387     455     392
              481    1101     484     443     453     393
              477     390     455     395     477     444
              456     390     476     395     453     392
              481     446     453     388     482     392
              449     390     482     446     454     390
              479     391     461

          name TimerOnOff
             3353    1873     479    1106     477    1104
              481     402     444     442     478     395
              453     390     481    1280     367     383
              452    1128     457    1129     453     391
              596     372     410    1130     452     398
              475    1104     482     510     387    1131
              455     390     480     393     475     421
              475     394     454     391     482     390
              452     446     480     391     459     385
              481    1103     504     420     482     365
              479     390     452     390     487     441
              800      43     523     347     454    1132
              452     446     478    1513      71    1105
              510     360     455     444     509

          name TimerClock
             3352    1872     480    1103     514    1071
              481     390     453     443     482     390
              456     389     790     795     480     444
              455    1128     452    1133     456     392
              478     444     608     976     454     392
              476    1104     481     443     454    1131
              454     392     482     392     453     441
              478     393     453     391     483     500
              381     408     480     392     450     391
              481    1104     482     788     107     392
              481     390     455     390     479     446
              452     392     480     392     811     773
              451     447     477     392     454    1129
              458     815      56     461     434     392
              484

          name EQPresent
             3383    1872     452    1127     645     941
              483     367     476     442     455     391
              478     395     453    1573       9     445
              491    1091     483    1102     506     366
              835      64     507    1078     480     391
              454    1130     450     752     397     884
              479     392     451     390     505     420
              452     395     832      36     478     371
              476     443     454     393     479     393
              453    1348     395     286     480     389
              454     391     480     395     449     445
              481    1118     495    1076     478     392
              453     448     476    1104     479     620
              414     945     450     448     476

          name PowerSound
             3382    1871     476    1105     454    1132
              455     391     505     418     453     394
              477     395     450    1129     480     420
              477    1105     483    1102     634     395
              297     443     477    1107     480     391
              453    1339     370     325     472    1109
              476     391     455     391     480     849
               50     389     481     394     455     393
              481     438     452     393     508     362
              452    1135     451     446     477     392
              497     350     477     395     476     419
              482     395     446     393     482    1103
              479     446     455     389     480     391
              453    1133     449     446     757     117
              453     393     476

          name ProgramSet
             3350    1868     477    1106     506    1080
              479     582     394     316     479     386
              458     393     475    1104     480     446
              733     849     481    1104     455     392
              478     446     454    1131     449     393
              478    1106     478     446     483    1101
              452     404     467     392     453     448
              501     370     451     394     549     321
              456     443     481     387     453     395
              760     822     505     420     454     401
              468     394     451     393     689     392
              319     382     464    1106     482     391
              450     448     477    1104     509     363
              452     565     396     356     453

          name AUX
             3382    1866     454    1131     456    1126
              453     825      49     463     435     392
              479     392     452    1131     452     447
              676     907     481    1102     480     389
              455     446     481    1106     475     392
              453    1132     479     420     477    1107
              477     390     454     395     480     443
              453     392     478     397     447     659
              381     277     452     396     476     392
              478    1107     454     441     578     370
              375     395     478     396     447     447
              481     391     453     762     110     391
              762     137     476     658     189     393
              479    1105     475     449     480     364
              476     395     456

          name Sleep
             3380    1874     450    1129     457    1128
              453     515     366     437     451     392
              479     392     456    1127     455     771
              370     887     481    1102     480     392
              453     452     724     853     478     395
              450    1129     455     444     480    1106
              487     385     451     391     480     445
              450     399     474     393     603     386
              363     420     451     395     476     391
              452    1132     452     446     476     703
              366     172     480     391     451     443
              482    1106     475    1120     468    1104
              547     391     467     363     482    1104
              478    1104     481

          name CDRepeat
             3356

          name MonoST
             3334    1864     484    1102     481    1107
              474     396     475     422     477     395
              449     393     481    1107     477     446
              740     845     450    1128     454     394
              481     441     454    1391     376     228
              459    1107     477     446     453    1131
              688     391     261     377     453     442
              508     365     455     390     508     366
              878      17     480     733     112     394
              694     886     490     433     453     394
              480     391     480     369     476     499
              401    1126     455    1130     452     393
              480     445     474    1108     455     391
              478     396     453     443     479     391
              731

          name TUNER
             3355    1872     480    1106     480    1120
              478     374     485     421     473     392
              479     365     727     870     485     424
              452    1132     454    1133     448     396
              478     445     453    1134     453     391
              544    1041     474     444     455    1133
              449     392     484     464     399     441
              464     394     448     396     476     393
              453     447     476     393     451     684
              366     930     476     447     450     393
              478     394     453     391     506     418
              454     392     478    1102     481     394
              453     441     480     509     384     349
              477     390     455     443     481     389
              455

          name TapeRew
             3358    1871     674     907     457    1128
              481     367     481     441     452     392
              480     586     371    1018     455     444
              478    1104     510    1076     665     370
              290     444     480    1120     464     393
              455    1342     388     294     481    1103
              478     394     453     392     480     448
              450     808      62     389     455     394
              481     442     455     390     482     390
              450    1132     461     439     478     392
              453     391     483     390     449     445
              484    1101     481     390     458     389
              478     444     453    1135     454     390
              769     814     505     419     451     407
              467

          name TapeF
             3206    2109     381     966     452    1129
              482     367     476     449     644     408
              268     394     453    1132     478     418
              478    1356     367     969     503     369
              448     444     481    1105     854      16
              454    1133     450     447     477    1104
              481     390     809      38     502     421
              453     393     480     392     450     396
              475     448     451     393     506     376
              441    1130     455     443     482     389
              453     391     482     393     664     385
              327    1103     480     398     449     396
              472     445     456     392     477    1106
              481    1103     477     445     475

          name TapeStop
             3380    1871     480    1104     449    1177
              411     390     478     444     455     393
              476     400     445    1134     452     444
              478    1105     481    1103     481     775
              101     424     471    1103     477     392
              457    1128     793     104     478    1105
              478     393     456     389     483     443
              453     391     481     453     391     393
              504     420     450     395     476     397
              478    1102     456     748     380     188
              451     390     480     394     451     443
              481     391     454     392     478     394
              515     383     479     393     452    1129
              455    1129     454     445     478     531
              370

          name TapePlay
             3555

          name CDStop
             3354

          name CDPlay
             3331    1872     478    1282     385    1022
              506     367     451     563     361     395
              452     391     481    1101     482     443
              455    1127     455    1132     464     383
              475     447     454    1131     450     393
              481    1104     476     446     454    1283
              301     390     481     391     455     443
              478     396     451     393     478     395
              724     370     282     394     449     391
              480    1104     482     441     455     488
              384     394     448     393     477     446
              453    1132     454     391     482     684
              392     210     480     391     455    1133
              452     388     508     421     455

          name Vol+
             3351    1870     483    1101     479    1106
              481     390     454     444     478     391
              453     531     340    1105     482     443
              455    1128     454    1148     437     392
              700     381     295    1133     455     393
              476    1101     483     754     370     902
              457     390     478     399     447     448
              477     391     719     126     478     389
              455     444     481     391     454     391
              479    1373     374     282     456     388
              482     391     454     389     482     442
              454     392     480     634     372     228
              483     441     456     392     483    1099
              483     387     457     595     386     331
              459

          name Vol-
             3357    1868     481    1105     479    1457
              127     398     446     442     484     389
              454     392     480    1100     483     604
              405    1016     455    1132     453     392
              478     445     669     918     450     393
              477    1103     483     446     451    1487
               97     392     482     390     454     445
              674     196     453     391     482     389
              457     440     480     393     456     389
              478    1104     480     444     456     545
              326     388     453     393     480     443
              455     392     483     386     454     391
              692     368     318    1132     453    1130
              454     390     482     629     393

          name Prev
             3383    1844     475    1103     483    1103
              481     390     453     446     506     367
              452     391     480    1107     503     420
              453    1129     454    1131     455     387
              807     120     449    1136     451     392
              478    1107     478     456     443    1129
              452     392     478     396     452     447
              475     731     115     426     447     392
              449     448     503     366     454     396
              476    1286     299     443     454     392
              476     392     453     394     503     420
              483     362     480    1105     477     392
              454     443     510    1076     897     687
              481     390     480     420     476

          name Next
             3356

          name CDPrev
             3354    1871     483    1102     478    1105
              479     392     453     446     478     392
              564     399     361    1106     479     445
              453    1133     475    1308     384     259
              507     418     455    1128     455     391
              479    1254     343     430     481    1104
              452     392     484     389     873      23
              480     390     455     392     478     393
              453     447     480     404     436     397
              879     704     479     441     454     392
              480     391     455     392     503     418
              458     390     476    1255     367     358
              449     445     481    1104     482    1099
              698     381     248     444     479

          name CDNext
             3356    1866     482    1105     691     894
              481     391     451     442     483     391
              452     393     479    1104     480     444
              457    1230     349    1131     601     243
              481     499     402    1127     457     387
              483    1101     481     545     370    1112
              456     393     477     391     453     444
              483     389     453     394     477     391
              654     384     344     391     451     390
              480    1107     478     446     451     528
              365     370     456     390     479     443
              452     393     481    1105     479     714
              132     443     482     387     454    1133
              455     392     478     441     456     390
              479

          name TuningMode
             3350

      end raw_codes

end remote
