#
# this config file was automatically generated
# using lirc-0.8.2-CVS(udp) on Sat May 19 17:34:42 2007
#
# contributed by 
#
# brand:                       Solidtek
# model no. of remote control: ACK-581
# devices being controlled by this remote:
#

begin remote

  name   Solidtek_ACK-581
  flags RAW_CODES|CONST_LENGTH
  eps            30
  aeps          100

  ptrail          0
  repeat  0       0
  gap    28205

      begin raw_codes

          name Up
             1953    1098     549     549     488     610
              549     549     488     549    1037     549
              488    1220    1037    1159     976    1159
              549     549    1037    1159    1037     549
              488     549     549

          name Down
             1892    1098     488     610     488     610
              488     610     488     610     488     610
              976    1159    1037    1159    1037    1159
              488     610     427     610     488     610
             1037     549     488     610     488

          name Left
             1831    1159     549     549     549     549
              488     549     549     549     549     549
              976    1159     915    1220     549     549
              976    1220     488     549     976     610
              488     549     488     610     488

          name Right
             1831    1159     549     549     488     610
              488     610     488     610     915     610
              427    1220     976     610     427     610
              488    1220     488     610     488     610
              915     610     427     671     427     610
              488

          name PgUp
             1892    1159     549     549     549     549
              549     549     488     610     488     549
             1037    1159     976     610     488     610
              488     610     488    1159    1037    1159
              549     549     549     549     976

          name PgDn
             1892    1159     488     610     488     549
              549     549     549     549     549     549
              976    1220     976     549     549    1159
             1037    1159     976     610     488     610
              488     610     488     549     488

          name Enter
             1892    1159     488     610     488     549
              488     610     488     610     488     610
             1037    1159     976     549     549    1159
              610     488     488     610    1037     549
              488    1220     976     549     549

          name Space
             1892    1159     488     610     427     610
              488     610     488     610     488     610
              976     610     488    1220     976     549
              549    1159     488     610     976    1220
              488     610     976     549     488

          name a
             1892    1159     488     610     488     549
              610     488     549     549     488     610
              488     610     488     610     488     610
              549     488    1037    1159     488     610
              488     610    1037    1159     488     549
             1037

          name b
             1953    1098     549     549     488     610
              488     549     549     549    1037    1159
              549     549    1037     549     488     549
              549    1159     549     549     549     549
              549     549    1037     549     488     549
              549

          name c
             1892    1098     549     549     549     549
              488     610     488     549     549     549
             1037    1159     549     549    1037     549
              488    1159     549     549    1037    1159
             1037    1159     976

          name d
             1892    1159     488     610     488     549
              549     549     549     549     549     549
             1037    1159     488     610     549     488
             1037    1159     488     610     488     610
              488     610     976    1159     976

          name e
             1892    1159     488     610     549     488
              549     549     549     549     549     549
             1037    1159     488     610     976    1159
              549     549     549     549    1037     549
              488    1220     488     549    1037

          name f
             1953    1098     549     549     549     549
              549     488     549     549    1037     549
              549    1159     488     610     549     549
              976    1159     549     549    1037    1159
             1037    1159     976

          name g
             1892    1159     549     488     549     549
              549     549     549     549    1037    1159
              549     488    1037    1159    1037    1159
              549     549    1037     549     488    1159
             1037     549     549

          name h
             1892    1159     549     549     549     488
              549     549     549     549     549     549
             1037     549     488    1159     549     549
             1037     549     549    1159     549     549
              549     549     976     549     549     549
              549

          name i
             1892    1159     549     549     549     549
              549     488     549     549     549     549
              549     549     549     549    1037     549
              488    1159    1037    1159    1037    1159
              976     610     488     549     549

          name j
             1892    1159     549     488     549     549
              549     549     549     549    1037     549
              488     610     488    1159     549     549
             1037     549     549    1159    1037    1159
              976     549     549     549     549

          name k
             1892    1098     549     549     549     549
              549     549     549     549     549     488
              610     488     549     549    1037    1159
             1037     549     488    1159     549     549
             1037     549     549     549     549     549
              488

          name l
             1953    1098     549     549     549     549
              549     488     549     549     549     549
              549     549    1037    1159     549     549
              976     549     549    1159     549     549
             1037    1159    1037     488     549

          name m
             1953    1098     549     549     549     549
              549     549     549     488    1037     549
              549     549     549    1159    1037     549
              488     549     549    1159     549     549
             1037     549     549     549     488     549
              549

          name n
             1892    1098     549     549     549     549
              549     549     549     549     549     549
              976     549     549    1159    1037     549
              488     610     488    1220     976    1159
             1037     549     549     549     488

          name o
             1953    1098     549     549     549     549
              549     549     549     488     549     549
              549     549    1037    1159    1037    1159
              976    1159    1037    1159     549     549
             1037     549     488

          name p
             1953    1098     549     549     549     549
              549     549     549     488    1037    1159
             1037    1159    1037    1159     976    1159
              549     549    1037    1159    1037     488
              549

          name q
             1892    1098     549     549     549     549
              549     549     549     549     549     488
              549     549     549     549     549     549
             1037    1159     549     488     610     488
             1037    1159     549     549     549     549
              976

          name r
             1892    1098     549     549     549     549
              549     549     488     549    1037     549
              549    1159     549     549    1037    1159
              549     488     549     549     549     549
              549     549    1037    1159     976

          name s
             1892    1098     610     488     549     549
              549     549     549     549    1037    1159
              549     488     549     549     610     488
             1037    1159     549     549     976     549
              549    1159     549     549     976

          name t
             1892    1159     549     549     549     488
              549     549     549     549    1037    1159
              549     549     976     549     549    1159
              549     549     549     549     549     549
             1037    1159     976     549     549

          name u
             1953    1098     549     549     549     549
              549     488     549     549    1037     549
              549     549     549    1159     976    1159
             1037    1159     549     549     549     549
             1037     549     488     549     549

          name v
             1892    1159     549     488     549     549
              549     549     549     549    1037     549
              488    1220     549     488    1037     549
              549    1159     549     549     549     549
              976     549     549    1159    1037

          name w
             1892    1098     549     549     549     549
              549     549     549     549     976    1159
              549     549     549     549    1037    1159
              549     549     549     488     549     549
             1037    1159     549     549     976

          name x
             1892    1098     549     549     549     549
              549     549     549     549    1037    1098
              549     549     549     549    1037     549
              549    1159     549     549     549     549
              549     488    1037    1159     976

          name y
             1892    1098     549     549     549     549
              549     549     549     549     549     488
             1037     549     549    1159    1037    1159
              976    1159    1037     549     549    1159
             1037     549     488

          name z
             1953    1098     549     549     549     549
              549     549     549     549     549     488
              549     549     549     549     549     549
             1037     549     488    1159     549     549
             1037     549     549    1159     549     549
              976

          name 1
             1892    1098     549     549     549     549
              549     549     549     549     549     549
              488     610     488     549     549     549
              549     549     549     549     549     549
              488     549     549     610     488     549
              549     549     549     549     976

          name 2
             1892    1159     549     549     549     549
              488     610     488     549    1037    1159
              549     549     549     549     488     610
              488     610     488     549     549     549
             1037    1159     549     549     549     549
              976

          name 3
             1892    1159     549     549     549     549
              488     610     488     549     549     549
             1037    1159     549     549     488     610
              488     610     488     549     549     549
              549     549     976    1220     549     549
              976

          name 4
             1892    1159     488     549     549     549
              549     549     549     549     976     610
              488    1220     488     549     549     549
              549     549     549     549     549     549
              976     610     488    1159     549     549
              976

          name 5
             1892    1159     549     549     488     610
              488     549     549     549    1037    1159
              549     549     976    1220     488     549
              549     549     549     549     976    1220
              549     549     976     549     549

          name 6
             1892    1159     549     549     549     549
              549     488     549     610     488     549
             1037     549     488    1220     549     549
              549     488    1037    1159     549     549
             1037    1159     976     549     549

          name 7
             1892    1159     549     549     549     549
              549     549     488     610     976     610
              488     549     549    1159     549     549
              549     549     976    1220     976     549
              549    1159     976     610     488

          name 8
             1892    1159     488     610     488     549
              549     549     549     549     549     549
              549     549     488     610     976    1159
              549     549    1037    1159     549     549
              488     610     976     549     549     549
              488

          name 9
             1892    1159     488     549     549     549
              549     549     549     549     549     549
              549     549     976    1159     549     549
              549     549     976    1220     488     610
              488     610     488     549    1037     549
              488

          name 0
             1892    1159     549     549     549     549
              549     549     488     610     976    1159
             1037    1159     549     549     488     610
              976    1159    1037    1159     549     549
              976     610     488

          name -
             1892    1159     549     488     549     549
              549     549     549     549    1037     549
              488     610     488    1159    1037     549
              549    1159     549     549     549     549
              976    1159    1037     549     549

          name =
             1892    1159     549     549     488     610
              488     549     549     549     549     549
              549     549     549     549     976     549
              549     610     488    1159     549     549
              976     610     488    1159    1037     549
              549

          name Backspace
             1892    1159     488     549     549     549
              549     549     549     549     976    1220
              976    1159    1037     549     488    1220
              549     549     488     610     488     549
              549     549    1037     549     488

          name F1
             1953    1098     549     549     549     549
              549     549     549     549     976     549
              549     610     488    1159     549     549
              549     549     549     549     549     488
             1037     549     549     549     549    1159
              976

          name F2
             1953    1098     549     549     549     549
              549     549     549     488     549     549
              549     549     549     549    1037    1159
              549     549     549     488     549     549
              549     549     549     549     549     549
              976     549     549

          name F3
             1892    1098     549     549     549     549
              549     549     549     549     549     549
              549     549     976    1159     549     549
              549     549     549     549     549     549
              549     549     549     549     976    1159
              976

          name F4
             1892    1159     488     549     549     549
              549     549     549     549     976    1220
              976    1159     549     549     549     549
              549     549     549     549     976    1220
              976    1159     976

          name F5
             1892    1098     549     610     488     549
              549     549     549     549     549     549
              976     549     549    1220     976    1159
              549     549     549     549     976     549
              549     549     549    1159     976

          name F6
             1892    1159     549     549     549     488
              549     549     549     549    1037     549
              549     549     488    1220     976    1159
              549     549     549     549     549     549
              549     549     549     549     976     549
              549

          name F7
             1892    1098     549     549     549     549
              549     549     549     549     549     488
              549     549     549     549    1037     549
              549    1159     549     549     549     488
             1037    1159     549     549    1037     549
              488

          name F8
             1953    1098     549     549     549     549
              549     549     549     488     549     549
              549     549    1037    1159     976    1220
              549     488     549     549    1037    1159
             1037    1159     976

          name F9
             1892    1098     549     549     549     549
              549     549     549     549     976    1159
             1037    1159    1037    1159     549     549
              549     549     549     488    1037     610
              488    1159     976

          name F10
             1892    1159     549     488     549     549
              549     549     549     549     549     549
              549     549     549     549     976    1159
             1037    1159     549     549     549     549
              976    1159    1037     549     549

          name F11
             1892    1098     549     549     549     549
              549     549     549     549     549     549
              549     549     976    1159     549     549
             1037    1159     549     549     549     549
              976     549     549    1159     976

          name F12
             1892    1098     549     549     549     549
              549     549     549     549     976    1159
             1037    1159     549     549    1037    1159
              549     488    1037     549     549     549
              549    1159     976

          name `
             1892    1159     549     549     549     549
              549     488     549     549    1037    1159
              549     549     976    1220     549     488
             1037    1159    1037    1159    1037     549
              488     549     549

          name [
             1953    1098     549     549     549     549
              549     549     549     488     549     549
             1037     549     549    1159     549     549
              976    1159     549     549     549     549
              549     549     549     549    1037     488
              549

          name ]
             1892    1098     549     549     549     549
              549     549     549     549    1037     549
              488     549     549    1159     549     549
             1037    1159     549     549     976    1159
              549     549    1037     549     549

          name \
             1892    1098     549     549     549     549
              549     549     549     549     549     488
              549     549    1037    1159    1037     549
              488    1220     549     488    1037     549
              549     549     549    1159     976

          name ;
             1892    1098     549     549     549     549
              549     549     549     549    1037    1159
              976    1159     549     549    1037     549
              488    1220     976     549     549    1159
             1037     549     488

          name '
             1892    1098     549     549     549     549
              549     549     549     549     549     549
              976    1159    1037     549     549     549
              488    1220     549     549     976    1159
             1037     549     549     549     488

          name ,
             1892    1098     549     549     549     549
              549     549     549     549     549     488
              549     549     549     549    1037     549
              549     549     488     610     488    1159
             1037     549     549     549     549     549
              488     610     488

          name .
             1892    1098     549     549     549     549
              549     549     549     549     549     488
              549     549    1037    1159    1037     549
              488     610     488    1159    1037     549
              549    1159    1037     549     488

          name /
             1892    1159     549     549     549     488
              549     549     549     549    1037    1159
             1037    1159     976     549     549     549
              549    1159     549     549     549     549
              976     549     549     549     549

          name Home
             1953    1098     549     549     549     549
              549     549     549     488     549     549
             1037    1159    1037    1159     976     549
              549    1159     549     549     549     549
              549     549     549     549     976

          name EndKey
             1892    1159     488     610     488     549
              549     549     549     549     549     549
              976    1220     976    1159     549     549
              549     549     549     549     549     549
              976    1159    1037     549     488

          name Tab
             1892    1159     488     549     549     549
              549     549     549     549     976    1220
              488     549    1037     549     488    1220
              976    1220     488     610     976     549
              549     549     488     610     488

          name Esc
             1892    1098     549     549     549     549
              549     549     549     549     549     488
             1037     549     549    1159     549     549
              549     549     549     549     549     488
              549     549    1037     549     549    1159
              976

          name Prev
             1892    1098     549     549     549     549
              549     549     549     549     976    1159
             1037     549     549     549     549     549
              488     610     488    1220     549     488
              549     549    1037    1159     976

          name Stop
             1831    1220     488     549     549     549
              549     549     549     549     549     549
              976     610     488     549     549    1159
              976     610     488    1220     488     610
              488     549    1037    1159     976

          name Record
             1953    1098     549     549     549     549
              549     488     549     549    1037    1159
             1037     549     488     610     488    1159
             1037    1159     549     549    1037    1159
              549     549     976

          name Play/Pause
             1953    1098     549     549     549     549
              549     549     549     488    1037    1159
             1037     549     488    1220     549     549
              976    1159    1037    1159     549     549
              549     549     976

          name Next
             1892    1159     488     610     488     549
              549     549     549     549     976     610
              488     610     488     610     488    1159
              549     549    1037    1159     976     610
              488    1220     488     549     976

          name Eject
             1892    1159     549     488     549     549
              549     549     549     549     549     549
              976     610     488     610     488     549
              549     549     549    1159     549     549
              976    1159     549     549     549     549
              976

          name Menu
             1892    1159     549     549     549     549
              549     549     488     610     976     549
              549     549     488     610     488     610
              488     610     488    1220     488     549
              549     549    1037    1159     549     549
              976

          name Sleep
             1892    1159     488     549     549     549
              549     549     549     549     976     610
              488     610     488     549     549    1159
             1037    1159     549     549     976    1220
              488     549     549     549     976

          name WWW
             1892    1159     549     549     488     610
              488     549     549     549    1037     549
              488     610     488     610     488     610
              488     610     488     549     549    1159
              549     549     976     610     488    1220
              976

          name Mail
             1892    1159     488     610     488     610
              488     549     549     549     549     549
              976     610     488     610     488     610
              488     549     549     549     488    1220
              976    1220     976    1159     976

          name Game
             1831    1220     488     549     549     549
              549     549     549     549     549     549
              976     610     488     549     549     549
              549    1159     976    1220     976     610
              488    1159     549     549     976

          name TV
             1892    1159     549     549     488     610
              488     549     549     549    1037    1159
              976     610     488     610     488     610
              488    1159     549     549     549     549
              549     549     549     549     488     610
              976

          name Movie
             1892    1159     488     610     488     549
              549     549     549     549     976     610
              488     610     488     610     488    1159
              549     549     549     549     549     549
              976     610     488     610     488     549
              549     549     488

          name Mute
             1892    1159     488     549     549     549
              549     549     549     549     549     549
              976     610     488     549     549     549
              488    1220     549     549     549     549
              976     610     488     549     549     549
              488     610     488

          name VolumeDown
             1892    1159     549     488     549     549
              549     610     488     549    1037     549
              488     610     488     549     549     549
              549    1159     549     549     549     549
              549     549     549     549     549     488
              549     549    1037

          name VolumeUp
             1892    1159     488     610     488     549
              549     549     549     549     549     549
              976     610     488     610     488    1159
             1037    1159     549     549     549     549
              488     610     488     549     549     549
              976

      end raw_codes

end remote
