# Config file for the awesomely programmable Sony RM-AV3000.
#
# contributed by:
#     Daryl Beattie (daryl@darylbeattie.com)
#
# brand:    Sony
# model:    RM-AV3000 (Integrated Remote Commander)
# devices being controlled by this remote:
#           TV,
#           STB,
#           VCR,
#           DVD,
#           CD,
#           AMP,
#           and general keys.
# other devices controlled but not part of this conf file are:
#           MD, TAPE A, TAPE B, CABLE, VCR3, VCR3, STB2,
#           DVR, DVD2, LD, DAT, LIGHTING, and Systems 1 - 15.
#
# this config file was automatically generated
# using lirc-0.6.6(crappy packard_bell receiver) on Sat Apr 26 23:05:27 2003
#
# If anybody improves this file, please send me (Daryl) an e-mail,
# and perhaps attach the new file if you are feeling generous. :)
#

begin remote

  name         Sony_RM-AV3000
  flags        CONST_LENGTH|RAW_CODES
  eps          30
  aeps         100

  ptrail       0
  repeat       0     0
  repeat_gap   20000
  gap          144846

      begin raw_codes

# Global (non-software) Buttons:

          name VOLUME_UP
             2516     485     846     333    1323     119
              179     225     741     442     766     431
             1296     521     798     367     763     453
              715     470     751     464     734     478
              737     464    1268

          name VOLUME_DOWN
             2516     508    1280     504    1312     489
              727     474     780     422    1296     470
              754     496     745     413     844     358
              761     443     736     470     732     481
             1298

          name CHANNEL_UP
             2462     533     739     462     716     458
              840     396     715     458    1288     521
              777     394     780     461    1291     538
              735     405    1338     462    1276     586
              718

          name CHANNEL_DOWN
             2464     534    1332     468     732     479
              789     371     766     459    1271     477
              848     384     894     323    1268     509
              780     445    1279     521    1275     514
              779

          name MUTING
             2568     456     769     417     770     445
             1282     523     777     347    1357     443
              809     445     734     440     774     465
              757     449     702     495     694     489
             1264

          name MENU
             2491     535    1245     520     777     396
             1319     523    1314     461    1274     523
             1252     586    1235     523     776     395
             1303     522     718     436    1423     471
             1225     588    1203     591     781     395
              778     331    1321     526    1279     586
             1240     522     780     395     778

          name EXIT
             2513     405     779     485    1255     523
             1275     524    1272     456    1387     525
             1288     525    1218     523     707     537
             1251     523     778     397    1272     521
             1288     526    1298     523     715     203
             1033     396    1288     521    1439     396
             1264     523     715     461     777

          name UP
             2457     536     712     396     844     460
              780     394    1265     524    1315     523
             1249     522    1233     523     713     523
             1259     522     781     458    1245     524
             1266     586    1291     462     776     395
              779     458    1254     522    1292     463
             1323     528     778     396     780

          name DOWN
             2490     532    1365     465     714     468
              733     462    1251     524    1283     523
             1272     523    1257     512     786     413
             1418     400     778     396    1324     459
             1348     459    1334     495     747     461
              718     524    1254     486    1300     489
             1328     527     778     397     777

          name LEFT
             2514     532     777     397    1292     521
              779     396    1341     460    1307     522
             1261     524    1284     523     713     459
             1284     524     781     419    1362     467
             1332     460    1255     524     778     462
              715     396    1339     522    1285     487
             1319     531     716     459     713

          name RIGHT
             2517     518    1330     445    1309     482
              754     470    1310     512    1251     509
             1306     491    1304     516     801     323
             1378     493     725     472    1296     509
             1314     491    1270     516     729     452
              885     293    1342     496    1307     484
             1288     504     729     462     825

          name OK
             2450     534     712     461     803     395
             1273     524    1247     559    1271     524
             1256     585    1210     524     779     457
             1371     463     714     459    1236     517
             1405     398    1264     586     716     460
              775     394    1327     521    1235     590
             1222     524     714     522     713

# TV Buttons:

          name TV_1
             2503     531     779     394     714     461
              808     397     715     523     732     461
              779     396     714     523    1192     589
              778     395     716     522     738     463
              780

          name TV_2
             2588     469    1226     541     652     586
              651     524     652     524     714     524
              714     458     713     526    1226     523
              717     488     715     523     653     525
              648

          name TV_3
             2602     356     721     514    1293     500
              741     474     718     449     778     463
              672     479     722     508    1282     536
              731     422     729     500     698     513
              658

          name TV_4
             2586     406    1261     537    1266     557
              731     484     720     441     770     434
              713     505     747     452    1236     529
              791     438     716     443     768     470
              736

          name TV_5
             2625     307     752     513     782     431
             1225     571     727     438     727     518
              718     438     773     447    1284     482
              745     445     743     495     727     420
              738

          name TV_6
             2609     326    1305     527     833     371
             1284     503     722     504     707     504
              712     488     691     504    1248     543
              714     472     725     472     721     492
              684

          name TV_7
             2544     494     718     523    1182     588
             1212     587     740     460     714     458
              777     397     843     358    1310     525
              716     526     650     458     780     459
              718

          name TV_8
             2600     407    1230     591    1258     524
             1222     586     716     458     776     418
              713     524     713     460    1240     585
              643     529     778     397     777     460
              716

          name TV_9
             2510     425     795     463     707     479
              722     484    1285     518     712     479
              763     459     754     426    1262     553
              729     454     753     449     685     517
              708

          name TV_0
             2558     441    1284     588     717     424
              778     396    1264     590     716     461
              750     461     711     460    1298     523
              714     523     718     458     696     531
              714

          name TV_ENTER
             2528     493    1218     601    1200     587
              779     396    1230     588     712     521
              716     397     838     396    1249     540
              711     463     782     461     711     458
              778

          name TV_POWER
             2515     471    1292     461     782     458
             1287     528     779     458    1205     525
              843     332     777     458    1300     587
              666     479     796     396     778     396
              843

          name TV_MAINSUB
             2526     420    1335     502    1257     502
             1293     521     761     452    1255     557
              702     500     697     497    1248     572
              698     431     805     441     734     456
              720

          name TV_PIPCHPLUS
             2581     468     696     526     651     524
              778     375    1285     522    1273     522
              717     523    1192     584    1220     587
              805     396     733     460     776     395
              714

          name TV_PIPCHMINUS
             2494     475    1259     549     781     410
              723     463    1273     550    1313     425
              820     456    1303     396    1344     502
              740     519     725     441     829     358
              851

          name TV_PIPINPUT
             2547     399     777     441    1316     498
              759     472    1246     553    1267     455
              782     495    1269     529    1257     544
              724     475     725     472     734     443
              731

          name TV_PIPMOVE
             2597     468     714     460    1241     538
             1257     588    1215     585    1226     586
              714     460    1226     545    1264     523
              741     458     778     460     780     397
              777

          name TV_SLEEP
             2507     448     761     447    1289     498
             1277     555     702     507    1245     548
             1250     513     770     453    1302     512
              686     491     756     452     690     518
              697

          name TV_PIPSTILL
             2564     406     718     525     713     523
             1189     562    1311     459    1296     521
              778     461    1235     549    1214     587
              701     453     906     266     780     458
              713

          name TV_PIPSWAP
             2710     214    1354     523    1259     475
             1362     528    1229     523    1298     523
              716     460    1273     587    1225     559
              687     528     718     459     844     350
              732

          name TV_DISPLAY
             2605     469     713     394    1327     501
              905     269    1292     586    1212     587
             1197     589     716     458    1243     591
              695     463     713     523     716     458
              713

          name TV_PIPONOFF
             2540     392    1330     518    1285     107
              163     226     802     346    1364     505
             1284      85     227     108     839     459
             1259     536    1257     560     708     464
              720     488     839     259     810

          name TV_INPUT
             2557     441    1291     536     681     464
             1304     530     751     428     786     423
             1277     511     899     337    1252     535
              713     497     695     516     751     389
              764

          name TV_ANTSW
             2529     504     734     417    1317     493
              766     433    1266     550     686     523
             1266     518     798     376    1275     537
              752     461     738     480     715     479
              720

          name TV_WIDE
             2507     514    1229     544     777     431
             1252     546    1273     506    1269     504
             1321     516     743     457     703     503
              754     401    1313     524     714     500
              734     447    1282     488     766     138
             1589

          name TV_VIDEO1
             2595     404     750     475     713     454
              756     477     741     464     687     496
              726     491    1264     477    1345     525
              715     457     743     459     714     458
              778

          name TV_VIDEO2
             2485     467    1286     548     709     475
              738     479     707     486     690     477
              858     289    1332     555    1256     477
              782     468     764     447     789     399
              784

          name TV_VIDEO3
             2584     408     817     389    1259     549
              765     405     735     510     708     491
              702     483    1273     524    1258     509
              769     467     729     455     746     470
              720

          name TV_VIDEO4
             2485     500    1299     476    1368     469
             1254     553     691     488     717     476
              794     413    1260     543    1263     522
              775     397     841     395     779     459
              692

# Set-Top Box Buttons:

          name STB_1
             2555     474     776     460     715     458
              712     522     716     458     713     525
              715     462     802     394    1249     526
             1245     586    1234     524     713     523
             1215     523    1293     537     779     395
             1280

          name STB_2
             2522     462    1267     527     764     391
              790     468     711     488     709     429
              796     440     727     477    1273     532
             1294     518    1261     541     707     465
             1271     529    1294     431     821     479
             1262

          name STB_3
             2524     461     710     432    1351     516
              736     475     724     465     705     455
              750     493     740     448    1311     453
             1317     490    1303     488     871     278
             1353     509    1285     549     760     417
             1295

          name STB_4
             2535     435    1285     525    1305     518
              736     461     761     443     780     431
              752     411     721     507    1240     541
             1284     493    1305     502     759     447
             1276     552    1287     456     798     420
             1265

          name STB_5
             2552     470     778     459     715     459
             1258     562     780     355     834     397
              712     523     839     268    1352     522
             1245     586    1258     495     778     461
             1217     551    1279     526     779     461
             1202

          name STB_6
             2487     525    1273     522     725     475
             1243     552     803     328     770     489
              798     406     740     443    1293     503
             1299     515    1257     548     685     521
             1291     482    1268     525     801     405
             1282

          name STB_7
             2556     470     778     394    1293     459
             1456     395     805     396     717     524
              741     461     716     460    1271     523
             1217     586    1233     522     779     467
             1247     479    1312     586     717     460
             1245

          name STB_8
             2631     343    1295     501    1283     588
             1252     460     778     459     715     459
              741     524     780     397    1314     105
               45      97      36     184    1269     588
             1205     521     779     457    1242     523
             1317     526     716     452    1334

          name STB_9
             2491     536     805     140      72     206
              715     459     777     395    1272     542
              714     526     777     395     714     524
             1202     524    1290     589    1248     522
              740     465    1237     587    1248     458
              779     457    1238

          name STB_0
             2457     534    1229     524     715     522
              779     395    1277     524     706     472
              801     464     718     420    1262     587
             1206     588    1283     461     780     458
             1316     524    1204     525     775     488
             1202

          name STB_ENTER
             2519     494    1272     539    1380     365
              780     419    1322     527     732     461
              756     461     711     487    1267     517
             1263     532    1332     461     762     440
             1291     509    1288     499     780     438
             1295

          name STB_POWER
             2517     456    1278     584     719     438
             1325     490     798     439    1238     518
              856     335     761     487    1233     525
             1287     546    1228     577     681     482
             1273     551    1250     551     750     404
             1351

          name STB_INFO
             2477     534     779     397    1296     526
              780     396    1264     587     715     396
             1338     542     844     331    1262     522
             1315     550    1212     523     779     459
             1222     546    1241     587     780     398
             1242

          name STB_SINDEX
             2568     470    1198     587    1226     525
             1285     523    1251     526    1286     526
             1270     586     651     461    1292     588
             1210     586    1306     461     780     396
             1290     525    1352     462     841      72
               79     140    1342

          name STB_INPUT
             2534     562    1188     587     713     459
              781     390    1288     524     776     460
             1220     590    1203     586    1260     528
             1238     553    1242     524     777     457
             1233     586    1202     589     714     459
             1263

          name STB_DISPLAY
             2556     442     867     349    1254     530
              878     310    1369     461    1263     502
             1312     502     801     124      36     273
             1271     518    1286     476    1320     486
              800     413    1276     505    1279     552
              729     482    1241

          name STB_ANTSW
             2519     454    1286     487     772     441
              731     495    1262     523     772     422
             1290     504    1309     461    1341     505
             1286     500    1310     493     768     403
             1312     514    1277     484     777     462
             1310

          name STB_FAVORITE
             2512     477    1290     511    1268     539
             1310     107     204      90    1361     544
              771     412    1309      99      71     305
             1285     543    1300     486    1289     518
             1267     520     858     302    1351     502
             1271     516     718     465    1275

          name STB_GUIDE
             2541     456     782     390    1295     528
             1266     524    1255     541     746     415
             1355     491    1259     553    1243     552
             1257     534    1264     510     838     344
             1288     566    1238     539     695     500
             1279

          name STB_BACK
             2497     469    1309     505    1291     527
              707     459    1302     497    1281     538
              725     431     787     437    1316     445
             1337     510    1307     455     765     477
             1298     438    1337     518     697     494
             1325

          name STB_PLAY
             2498     463     858     365    1390      85
               24     263     809     427    1265     560
             1240     562     709     495     705     486
             1257     560    1290     421    1362     523
              751     479    1258     431    1407     460
              745     429    1346

          name STB_FORWARD
             2493     521     713     456     764     468
             1275     505    1283     468    1395     436
              791     421     735     465    1291     521
             1314     488    1303     507     763     436
             1268     516    1376     395     814     417
             1344

          name STB_STOP
             2525     561     651     461     840     414
              929     205    1341     525    1303     523
              778     332     842     394    1261     565
             1253     568    1213     523     777     458
             1306     523    1199     590     778     395
             1282

          name STB_PAUSE
             2493     503    1271     504     730     495
              745     424    1326     451    1353     490
              734     465     765     444    1305     453
             1448     378    1297     487     754     470
             1269     513    1277     510     727     479
             1293

          name STB_OUTPUT
             2523     434    1333     529    1344     445
              784     388     798     447     711     456
             1352     469     734     426    1328     503
             1286     509    1335     447     791

          name STB_REPLAY
             2570     491    1208     578    1281     523
              713     461     714     524     741     394
             1348     461     779     370    1339     532
             1250     140     140     203    1301     521
              778     458    1267     489    1277     587
              719     459    1245

          name STB_CATEGORY
             2550     533     777     396     777     394
             1274     523     729     516     779     394
              716     459    1261     588    1206     584
             1229     587    1211     558     739     428
             1302     496    1268     535     732     446
             1352

          name STB_DOT
             2572     407     778     460    1215     586
              714     461    1249     587     715     476
              778     368    1320     528    1218     586
             1251     524    1265     523     778     459
             1207     561    1258     550     777     395
             1266

# VCR Buttons:

          name VCR_1
             2488     486     707     511     711     504
              728     437     725     488     730     444
              718     495     750     473    1227     507
             1306     530     778     408    1279     537
              718

          name VCR_2
             2508     534    1200     585     751     415
              776     141      72     206     780     458
              777     398     845     331     839     395
             1226     521    1327     492     727     540
             1265     530     713

          name VCR_3
             2567     470     779     462    1207     587
              659     498     756     420     866     329
              730     483     762     436    1270     546
             1248     497     814     110      85     199
             1306     509     748

          name VCR_4
             2537     152      72      79    1440     523
             1197     590     716     458     777     460
              715     461     742     459     842     332
             1254     557    1299     475     775     462
             1223     587     716

          name VCR_5
             2516     455     736     504     713     459
             1296     502     750     461     735     437
              738     463     780     470    1234     550
             1261     541     725     461    1252     562
              720

          name VCR_6
             2531     433    1259     555     716     498
             1258     477     817     410     750     413
              832     413     722     514    1309     457
             1277     507     763     475    1225     534
              767

          name VCR_7
             2619     404     781     396    1250     584
             1202     586     714     457     720     524
              778     396     741     459    1234     586
             1263     521     715     458    1257     587
              712

          name VCR_8
             2652     411    1234     588    1215     536
             1262     522     840     268     907     396
              779     460     715     460    1255     588
             1245     521     739     461    1278     525
              841

          name VCR_9
             2510     532     712     460     843     333
              731     437    1329     530     711     443
              722     489    1021      79    1386     583
             1211     552     709     492    1230     611
              702

          name VCR_0
             2490     533    1232     588     843      74
              975     458    1257     521     777     460
              717     463     748     398    1301     589
             1197     588     714     525    1193     526
              842

          name VCR_ENTER
             2510     468    1273     587    1252     461
              845     395    1248     521     777     461
              779     395     778     460    1234     585
             1273     517     777     396    1264     524
              884

          name VCR_POWER
             2542     470    1220     530     807     460
             1242     539     737     464    1243     523
              780     459     777     394    1243     588
             1233     590     653     524    1212     550
              843

          name VCR_MAINSUB
             2634     334    1287     515    1282     539
             1311     426     810     465    1236     544
              809     108      48     241     754     427
             1284     546    1259     518     780     440
             1258     516     761

          name VCR_INPUT
             2547     470    1238     586    1202     588
             1215     588    1214     607     652     496
              719     458    1269     588    1217     522
             1271     523     716     525    1221     595
              718

          name VCR_DISPLAY
             2469     532     730     455    1379     463
              907     203    1343     522    1300     523
              711     461    1322     490    1270     524
             1310     140      73     270     840     394
             1262     523     714

          name VCR_ANTSW
             2456     533     841     395    1292     523
              712     462    1268     523     782     119
               89     199    1372     462     711     475
             1380     397    1299     524     779     396
             1288     523     717

          name VCR_EJECT
             2535     152     140      73     906     460
             1303     460    1309     461     843     396
             1283     501     782     396     777     460
             1260     586    1270      52     154     203
              796     397    1328     523     713

          name VCR_BACK
             2495     470    1348     524    1286     521
              777     395    1313     523    1255     522
              712     460     843     349    1353     458
             1319     523     717     458    1317     533
              716

          name VCR_PLAY
             2501     492     911     293    1301     538
              858     335    1316     447    1388      96
              199     132     809     388     784     425
             1304     461    1328     518     748     367
             1444     409     777

          name VCR_FORWARD
             2464     535     780     396     840     394
             1298     522    1308     460    1387     458
              717     459     712     460    1288     523
             1300     522     790     346    1336     524
              780

          name VCR_STOP
             2498     512     751     460     777     459
              716     459    1359     457    1258     523
              779     458     715     458    1298     517
             1279     522     714     522    1264     459
              779

          name VCR_PAUSE
             2489     507    1300     488     732     474
              787     408    1330     475    1335     465
              709     491     799     409    1308     504
             1259     541     709     463    1351     149
               48     257     750

          name VCR_COUNTER
             2489     530    1296     457     776     445
              769     461     715     456     776     459
              777     396    1267     537    1293     141
              140     204    1283     523     779     460
             1235     525     776

          name VCR_QTIMER
             2495     497     768     471    1268     523
              761     433     734     445    1358     447
              789     426    1358     456    1332     416
             1348     470     750     445    1333     472
              808

          name VCR_SEARCHBACK
             2462     516     871     296     835     388
              813     400    1311     487     807     351
             1438     405     787     409    1321     510
             1280     525     706     480    1314     488
              821

          name VCR_SEARCHFORWARD
             2529     459    1376     464     714     460
              742     475    1296     459     779     459
             1278     525     714     522    1253     522
             1252     522     778     460    1375     394
              776

# DVD Buttons:

          name DVD_1
             2510     471     783     429     779     406
              798     422     815     365     753     423
              802     384     790     422     810     438
             1294     477     825     388    1286     450
             1385     479    1383     401     776     419
              792     437    1363     436     765     427
              770     438    1296     502     757

          name DVD_2
             2499     534    1258     523     740     461
              842     330     776     458     780     394
              728     527     775     396     714     520
             1308     140     139      74     841     460
             1266     588    1260     458    1307     461
              844     395     715     523    1250     521
              714     460     779     457    1270     524
              734

          name DVD_3
             2495     532     716     543    1264     464
              778     458     713     459     777     457
              778     397     779     466     671     459
             1386     398     840     394    1302     524
             1331     395    1381     457     777     460
              717     479    1289     459     907     332
              712     460    1281     526     712

          name DVD_4
             2467     536    1322     459    1357     458
              842     266     825     508     780     397
              776     396     779     417     830     397
             1310     522     714     460    1390     395
             1280     548    1307     458     750     461
              714     459    1312     524     778     461
              715     395    1322     521     713

          name DVD_5
             2444     601     714     460     779     396
             1282     498     778     396     786     411
              777     460     781     460     716     461
             1262     522     777     398    1373     395
             1345     525    1326     466     780     459
              718     397    1328     522     789     362
              747     462    1333     480     725

          name DVD_6
             2516     470    1323     521     778     420
             1285     523     715     460     776     459
              716     460     715     501     843     332
             1280     523     717     461    1326     461
             1307     521    1298     462     867     395
              714     458    1262     522     777     457
              715     461    1285     525     780

          name DVD_7
             2503     534     716     460    1278     528
             1262     522     818     334     780     521
              712     460     714     458     904     266
             1414     360     763     463    1338     460
             1335     486    1324     522     716     394
              778     524    1337     399     777     459
              714     459    1266     522     786

          name DVD_8
             2476     466    1331     531    1290     485
             1298     468     870     397     780     396
              780     459     715     458     781     461
             1253     523     737     460    1314     468
             1282     522    1297     523     712     523
              650     524    1239     506     727     507
              716     460    1269     587     714

          name DVD_9
             2491     525     741     422     779     440
              774     413    1316     444     840     103
              103     129     800     459     750     426
              764     472    1339     460     736     470
             1298     493    1374     421    1294     525
              784     367     768     468    1350     444
              791     459     674     479    1287     521
              781

          name DVD_0
             2479     533    1297     498     788     426
              841     394    1275     459     776     396
              778     460     777     460     780      74
               76     204    1344     526     842     268
             1394     461    1388     458    1257     522
              777     396     781     423    1275     525
              841     332     779     393    1388     459
              776

          name DVD_ENTER
             2483     491    1334     475    1321     467
              812     408    1296     509     707     492
              785     411     722     442     810     399
             1309     504     772     385    1358     433
             1403     459    1281     524     757     449
              702     495    1277     487     784     420
              802     427    1323     442     778

          name DVD_POWER
             2540     470    1304     483     778     460
             1271     524     715     460    1294     522
              793     414     778     394     779     458
             1224     502     773     465    1278     522
             1282     457    1367     477     800     460
              713     460    1277     462     721     545
              715      72     205     205    1274     524
              713

          name DVD_RETURN
             2490     535     715     522    1236     526
             1281     524    1288     461     779     458
              781     460     715     458     778     460
             1231     522     725     514    1234     545
             1292     459    1344     523     778     396
              713     460    1296     458     780     462
              764     429    1295     524     777

          name DVD_AUDIO
             2503     474     907     267     905     395
             1252     522     716     461     823     398
             1314     460    1289     523     780     458
             1266     462     779     395    1322     524
             1375     411    1292     526     777     458
              777      73      78     269    1275     523
              718     460     714     458    1314     524
              704

          name DVD_DISPLAY
             2492     534     715     522     715     480
             1244     523     706     462    1292     523
              780     457    1261     523     715     460
             1282     514     778     399    1309     522
             1292     527    1248     523     778     398
              844     348    1359     464     712     523
              716     458    1287     487     780

          name DVD_CLEAR
             2496     518    1328     481    1278     491
             1329     487    1337     477     734     424
              789     418     754     477     688     468
             1330     522     718     422    1369     441
             1333     490    1291     525     730     462
              766     436    1307     457     772     454
              741     469    1306     473     791

          name DVD_TITLE
             2478     534     718     460    1290     526
              780     413    1322     446    1371     460
              780     396     776     461     777     332
             1353     523     716     497    1362     395
             1367     458    1279     522     842     394
              715     395    1359     522     723     463
              775     332    1363     521     772

          name DVD_ANGLE
             2492     595    1260     461     780     460
             1259     486     812     450     716     466
             1263     590    1209     523     713     524
             1233     585     670     497    1253     523
             1291     523    1279     523     714     460
              779     461    1319     475     717     460
              718     459    1310     522     780      73
               78

          name DVD_SUBTITLE
             2455     533    1365     396    1324     479
              745     443     761     465     709     479
             1308     451    1413     415     718     461
             1325     525     782     420    1330     438
             1318     493    1340     440     773     458
              789     409    1362     433     748     406
              766     442    1326     477     752

          name DVD_AB
             2505     466     800     411    1339     491
              736     445    1342     465     894     298
             1303     511     697     484     780     443
             1261     530     740     466    1274     481
             1318     516    1516     254     748     465
              745     468    1323     486     686     500
              731     473    1334     459     768

          name DVD_EJECT
             2517     469     749     458    1312     528
             1264     523     716     522    1297     525
              777     331     779     461     703     469
             1274     587     712     459    1262     551
             1224     524    1306     524     729     473
              843     141      73     145    1254     586
              652     524     712     460    1277     563
              778

          name DVD_BACK
             2519     531    1242     523    1304     525
              844     332     847     395    1219     524
             1281     589     715     394     779     473
             1269     466     779     461    1298     522
             1240     538    1305     524     714     459
              797     396    1271     523     780     458
              649     522    1262     523     777

          name DVD_PLAY
             2508     434     763     490    1312     489
              669     449     826     413    1266     525
             1303     483     765     466     750     424
             1313     532     785     395    1300     466
             1296     475    1354     478     800     397
              736     394    1377     523     776     459
              714     460    1249     523     777

          name DVD_FORWARD
             2525     470     780     460     731     458
             1232     587     715     394    1299     526
             1269     586     813     334     781     460
             1295     464     717     460    1356      72
              142     205    1321     521    1282     460
              779     523     674     540    1215     523
              776     460     716     461    1260     525
              777

          name DVD_STOP
             2551     469     778     460     778     394
              738     458    1303     533    1288     525
             1260     530     715     458     841     333
             1286     585     722     376    1362     464
             1317     499    1307     447     766     474
              784     424    1366      99     103     239
              683     444     794     424    1325     483
              756

          name DVD_PAUSE
             2464     488    1339     487     738     486
              730     422    1335     488    1296     468
             1325     525     782     415     739     449
             1273     465     814     422    1308     527
             1275     509    1271     529     718     462
              737     468    1280     546     697     491
              718     481    1303     506     684

          name DVD_TIME
             2508     488     724     473     757     433
              729     489    1321     456     762     440
             1298     126      64     298     734     477
              760     460    1330     475     874     328
             1307     468    1289     513    1385     402
              821     387     778     435    1275     496
              743     488     722     441    1314     495
              750

          name DVD_SETUP
             2554      79     209      73    1439     521
             1227     516     793     406     709     455
             1335     500     737     504    1277     525
              715     459    1320     462     844     395
             1277     524    1221     525    1317     523
              714     461     758     434    1317     508
              688     498     747     472    1253     497
              885

          name DVD_REVSLOW
             2525     469     842     330     907     333
              712     549     715     395     778     457
             1265     523    1263     563     716     461
             1279     522     777     459    1324     461
             1254     524    1264     564     716     459
              717     458    1295     525     712     460
              780     460    1283     524     714

          name DVD_FWDSLOW
             2523     475    1352     466     711     452
              768     445     727     507     724     439
             1323     488    1314     487     710     484
             1337     479     700     498    1307     495
             1294     495    1321     413     825      99
               46     242     790     438    1332     486
              748     418     775     472    1312     422
              866

# CD Buttons:

          name CD_1
             2469     598     728     417     842      72
              142     140     775     461     844     332
              779     462     715     460     715     459
             1340     457     756     433     737     444
              725     473    1336

          name CD_2
             2462     534    1345     463     715     524
              714     461     714     460     716     524
              781     394     778     405    1303     485
              767     418     762     463     714     523
             1237

          name CD_3
             2489     520     769     396    1330     486
              865     328     812     408     716     488
              798     371     759     470    1294     477
              761     463     746     466     779     404
             1325

          name CD_4
             2439     598    1276     526    1314     425
              716     524     778     395     777     461
              779     333     970     206    1380     458
              778     459     717     462     778     409
             1310

          name CD_5
             2460     536     775     447     777     331
             1348     522     715     460     777     459
              776     140     140     140     778     420
             1358     461     718     460     777     458
              716     460    1241

          name CD_6
             2450     595    1280     466     707     493
             1294     496     755     424     780     424
              830     398     712     523    1312     405
              827     393     776     458     716     521
             1256

          name CD_7
             2515     472     840     460    1234     521
             1311     451     841     128       9     236
              801     372     802     429     726     443
             1423     402     777     460     688     530
              776     330    1334

          name CD_8
             2473     533    1290     526    1346     460
             1294     458     844     397     688     525
              778     396     843     140    1572     461
              779     395     780     459     780     397
             1287

          name CD_9
             2485     534     714     459     717     522
              713     458    1365     459     716     460
              779     398     774     465    1331     460
              778     457     715     460     717     456
             1288

          name CD_0
             2524     533     776     393     780     404
              774     459     775     460     714     460
             1220     588     779     396    1380     403
              714     524     754     397     783     459
             1234

          name CD_PLUS10
             2524     471    1267     525    1250     587
             1225     602     622     502     789     362
             1353     526     717     460    1247     589
              780     397     713     461     742     520
             1193

          name CD_ENTER
             2619     469    1249     525    1258     460
              815     461    1245     205      72      79
              907     460     843     394     713     523
             1191     524     740     523     715     445
              779     461    1200

          name CD_POWER
             2618     399    1257     525     748     504
             1229     551     681     529    1230     543
              782     448     676     472    1271     564
              713     498     699     461     729     502
             1268

          name CD_DSKIP
             2573     468     679     526    1233     522
             1260     607    1222     525    1244     584
             1218     600     618     491    1323     525
              779     460     652     529     672     525
             1199

          name CD_DISPLAY
             2590     470     716     462    1232     606
             1214     587     777     398    1224     589
              715     459    1241     523    1270     586
              741      80     168     168     779     462
              715     525    1167

          name CD_CLEAR
             2577     428    1273     528    1230     586
             1214     586    1248     524     715     521
              781     396     671     525    1229     586
              717     524     650     378     844     461
             1236

          name CD_EJECT
             2565     470     647     580    1188     585
             1213     587     658     486    1257     589
              716     458     714     523    1254     525
              718     460     715     524     713     460
             1225

          name CD_BACK
             2510     471    1266     555    1236     529
              775     436     710     485    1283     533
             1256     531     765     463    1226     590
              716     461     780     460     780     395
             1226     205      73

          name CD_PLAY
             2586     407     742     460    1256     524
              780     459     713     524    1167     588
             1214     588     667     486    1284     511
              766     463     778     396     714     523
             1284

          name CD_FORWARD
             2645     406     650     523     714     458
             1246     588     715      72     142     293
             1192     587    1210     637     715     458
             1188     586     714     462     713     521
              713     459    1221

          name CD_STOP
             2489     471     715     460     778     461
              774     141      73     205    1237     525
             1273     609    1197     524     777     459
             1226     586     716     460     714     524
              652     462    1307

          name CD_PAUSE
             2543     410    1335     395     843     459
              714     458    1282     523    1256     588
             1228     543     712     523    1203     588
              715     459     717     526     716     459
             1230

          name CD_CONTINUE
             2541     380    1346     532     702     519
             1255     509    1307     479    1289     548
              713      71      86     338     695     507
             1261     528     696     499     695     470
              837     363    1292

          name CD_SHUFFLE
             2545     471    1226     588     716     460
             1233     587     717     461    1243     570
             1225     588     714     460    1229     585
              778     395     717     523     714     459
             1248

          name CD_PROGRAM
             2540     454    1271     534    1312     488
             1280     516    1280     520    1273     525
              761     422     766     427    1337     491
              708     481     728     461     750     449
             1305

          name CD_REPEAT
             2519     470     856      95      89     172
              744     427    1380     408    1373     461
              780     462    1236     523     843     412
             1242     522     714     525     777     397
              843     333    1330

# Amplifier Buttons:

          name AMP_1
             2551     406     841     397     779     459
              779     397     840     332     842     397
              782     398     779     386    1340     522
              778     396    1358     461    1263     523
              777

          name AMP_2
             2540     533    1286     461     778     459
              777     389     720     488     813     362
              798     422     747     429    1301     499
              798     404    1304     482    1375     460
              717

          name AMP_3
             2508     467     779     459    1250     586
              714     142      72     270     713     458
              778     394     776     410     768     488
             1265     523     778     398    1310     458
             1308     587     651

          name AMP_4
             2535     472    1279     525    1261     522
              776     461     716     459     715     522
              778     397     718     459    1328     461
              777     459    1263     522    1256     586
              715

          name AMP_5
             2509     535     844     331     843     394
             1257     473     804     486     714     460
              777     396     717     522    1247     524
              842     332    1308     523    1246     526
              778

          name AMP_6
             2520     532    1245     524     775     461
             1248     493     743     434     780     459
              716     459     777     440    1271     523
              716     524    1313     458    1303     459
              841

          name AMP_7
             2472     559     699     485    1276     523
             1303     485     768     467     714     495
              673     442     746     525    1228     524
              793     405    1300     525    1276     522
              714

          name AMP_8
             2521     493    1323     463    1308     522
             1312     524     675     457     763     504
              716     459     779     396    1373     485
              714     458    1278     523    1312     460
              781

          name AMP_9
             2509     536     675     477     718     507
              714     460    1310     524     715     461
              780     458     653     461    1342     481
              780     206      72      80    1373     522
             1313     459     779

          name AMP_0
             2489     535    1241     524     779     395
              777     396    1372     461     728     492
              716     423     844     460    1223     522
              776     458    1257     522    1269     522
              705

          name AMP_PLUS10
             2469     531     777     394    1303     535
             1282     522     842     330     773     460
             1264     522     782     459    1207     590
              684     528    1235     522    1258     521
              779

          name AMP_ENTER
             2480     597     717     396     778     459
             1326     522    1216     524     716     542
              742     398     717     458    1359     523
              713     458    1255     521    1272     587
              677

          name AMP_POWER
             2461     505    1325     488     773     441
             1307     481     759     358    1411     465
              729     470     750     525     651     523
              714     458     780     473     718     462
             1269

          name AMP_DVD
             2462     536    1268     524     779     461
             1223     569    1237     523    1307     523
             1274     505    1319     526     779     364
              768     427     854     332     842     140
               73      78    1364

          name AMP_TAPE
             2534     433    1275     487    1369     404
              822     462     705     486     749     177
               41     192    1339     435     800     462
              715     460     722     481     779     396
              815     397    1277

          name AMP_PHONO
             2551     448     777     438     725     472
              784     388     786     463     730     465
             1284     469     799      99      48     289
              742     474     745     448     761     442
              734     432    1383

          name AMP_CD
             2535     501    1257     525     904     268
             1285     523     713     462     779     459
             1311     461     714     526     780     328
              821     461     776     396     780     459
             1233

          name AMP_TUNER
             2503     531    1369     461     714     458
              777     393     779     461     778     396
             1273     528     781     459     666     496
              717     460     777     458     779     396
             1300

          name AMP_VIDEO1
             2517     534     716     461    1314     511
              778     397     843     332     904     332
             1251     526     715     416     787     483
              778     460     778     396     742     458
             1315

          name AMP_VIDEO2
             2508     533     714     142      74     206
             1333     526    1276     523    1276     494
             1302     526     714     522     713     398
              779     395     841     459     780     396
              795     413    1275

          name AMP_VIDEO3
             2471     546     742     420    1303     477
              752     403     888     379     751     422
              753     470    1307     463     768     464
              795     351     851     371     814      83
              138     123    1386

          name AMP_MDDAT
             2482     476     869     398    1294     524
             1273     498     782     335     840     461
              776     396    1389      72     142     267
              714     395     804     459     792     370
              790     461    1238

          name AMP_AUX
             2451     532    1309     500     711     487
             1313     471    1362     406    1323     520
              728     431     756     464     738     365
              846     445     811     386     782     435
             1295

          name AMP_TV
             2478     557     782     396    1269     524
              781     395    1283     523     780     461
             1311     463    1272     585     652     524
              714     458     777     458     777     393
             1271

          name AMP_5.1INPUT
             2480     532     744     433    1305     459
              842     459     650     460    1350     460
             1296     526    1277     525     753     462
              717     459     843     397     779     395
             1302

          name AMP_SHIFT
             2559     461    1314     493    1316     492
              741     454     771     419    1333     465
             1280     539     775     383    1328     489
              761     451    1315     483    1310     490
              716

          name AMP_BAND
             2548     531    1372     398    1281     485
             1313     525    1285     524     780     396
              713     525     712     461    1303     522
              715     460    1294     515    1241     522
              780

          name AMP_CENTERMINUS
             2529     552    1254     399     843     457
             1280     523     716     459    1274     524
              841     397    1295     463     779     461
             1235     522     714     525    1357     400
             1337     524    1274     522     714     460
              777     397    1338     461     782     460
             1232     549    1242     522    1323

          name AMP_REARMINUS
             2441     489    1300     525    1248     588
             1226     526    1272     587     740     398
              841     396    1235     524     778     458
             1250     525     781     458    1238     522
             1267     488    1306     455     781     524
              778     398    1260     588     714     395
             1309     525    1269     546    1258

          name AMP_REARPLUS
             2512     469     778     412    1378     460
             1309     522    1239     589     644     471
              780     457    1285     457     778     524
             1206     523     841     330    1310     523
             1279     522    1354     463     780     395
              777     458    1261     494     910     331
             1276     535    1227     459    1362

      end raw_codes

end remote
