#
# this config file was automatically generated
# using lirc-0.8.0(serial) on Thu Aug 10 19:42:17 2006
#
# contributed by tbart|lycos.at
#
# brand: Sony
# model no. of remote control: RM-SM100EW
# devices being controlled by this remote: CMT-M333NT
#

begin remote

  name   Sony_RM-SM100EW
  flags RAW_CODES|CONST_LENGTH
  eps            30
  aeps          100

  ptrail          0
  repeat     0     0
  gap    44847

      begin raw_codes

          name On/Off
             2479     513    1253     541     680     516
             1278     515     680     516    1277     517
              688     510     680     516     680     514
              680     517     681     517     680     515
             1278

          name Sleep
             2448     543     651     545     655     542
              652     544     653     541     629     567
             1251     566    1228     566     633     541
              654     543     653     543     655     543
             1249

          name Select
             2475     539     659     535    1258     538
              658     538     657     539     634     562
             1255     539    1257     536     659     538
              632     564     657     539     655     539
             1258

          name Set
             2401     591    1227     566     629     570
             1198     595     602     593     604     594
             1199     594    1200     617     580     594
              603     592     602     595     604     614
             1177

          name FM_Mode
             2426     567    1201     595     655     539
              604     592     604     594     628     590
             1178     618     607     565    1201     594
              602     593    1201     592    1201     595
              599

          name Group
             2426     568    1200     593    1254     537
              633     567     602     595    1198     593
             1201     595    1201     590    1228     568
             1202     592    1201     595    1198     595
              626

          name Group_Skip
             2426     591     579     595    1225     566
              680     516     604     593    1201     592
             1203     591    1228     566    1203     592
             1202     590    1228     568    1199     597
              630

          name Tuning_Mode
             2399     616    1205     590    1203     567
             1201     595     602     592    1201     593
              604     593     628     568    1201     592
              630     567    1228     565    1202     592
              604

          name Menu/No
             2400     589     632     567     602     592
              631     567    1202     591    1202     594
              625     570    1202     592     602     592
             1202     592     604     597    1196     593
             1231     563    1231     565     629     568
              601     594    1227     568    1225     569
             1227     566     604     593     629

          name Name_Edit/Select
             2428     568    1200     593    1229     565
              628     568    1201     593    1228     565
              604     593    1228     566     603     593
             1227     567     603     593    1199     594
             1203     594    1199     593     603     593
              630     566    1203     591    1201     593
             1228     565     631     565     605

          name Enter/Yes
             2400     593    1226     569     630     566
              603     591    1203     593    1228     565
              604     593    1201     592     604     593
             1228     566     628     568    1226     568
             1200     595    1226     567     630     566
              604     595    1226     565    1229     565
             1225     570     657     538     628

          name 1
             2401     592     656     539     603     594
              601     594     629     568     628     566
              631     566     604     592     631     566
             1228     565     631     567    1200     591
             1205     593    1228     563     604     593
              628     570    1226     568    1225     567
             1201     594     603     594     602

          name 2
             2425     565    1228     565     633     565
              604     593     604     590     631     564
              631     569     600     596     602     592
             1228     566     629     567    1230     567
             1200     594    1228     565     630     565
              603     593    1226     567    1201     592
             1203     617     606     568     628

          name 3
             2399     593     603     592    1202     591
              604     593     605     593     604     592
              629     567     630     565     604     594
             1254     539     604     592    1228     564
             1229     567    1202     591     628     568
              629     567    1229     565    1201     595
             1199     592     604     595     601

          name 4
             2453     540    1227     566    1228     568
              628     569     629     567     629     566
              603     594     628     565     604     593
             1229     566     628     569    1225     568
             1202     592    1227     567     628     568
              630     566    1203     593    1227     567
             1227     566     604     592     604

          name 5
             2399     597     628     565     632     589
             1204     565     631     569     598     596
              631     565     604     590     604     593
             1200     596     680     516    1198     594
             1202     591    1177     620     654     540
              631     565    1228     566    1203     593
             1225     568     604     592     604

          name 6
             2427     566    1201     596     601     593
             1227     567     631     564     631     566
              628     571     628     564     628     570
             1226     568     627     567    1229     564
             1201     595    1201     593     601     598
              627     567    1226     569    1225     569
             1200     593     604     592     629

          name 7
             2398     593     602     594    1227     567
             1252     541     601     593     604     594
              631     565     604     595     628     568
             1227     568     626     566    1203     593
             1200     594    1202     593     602     592
              629     567    1201     593    1203     591
             1203     592     611     584     630

          name 8
             2419     593    1229     565    1201     592
             1229     564     631     569     656     539
              604     592     602     592     631     566
             1203     590     606     591    1200     593
             1229     568    1200     593     628     567
              605     591    1231     565    1202     592
             1228     566     631     562     606

          name 9
             2428     566     604     592     630     567
              601     596    1200     593     604     590
              631     565     606     591     629     569
             1227     566     604     592    1202     594
             1199     593    1201     592     606     592
              603     591    1204     593    1201     592
             1203     592     629     565     631

          name >10
             2400     592    1200     595     628     566
             1201     592    1229     565     631     568
              602     592     629     567     604     593
             1226     571     628     567    1200     593
             1227     567    1227     565     605     592
              603     593    1228     565    1229     566
             1230     565     602     595     603

          name 10/0
             2399     592    1253     541     632     564
              604     593    1201     592     604     593
              628     591     607     567     601     593
             1201     593     604     593    1227     566
             1255     540    1229     567     627     567
              604     592    1230     565    1202     590
             1228     567     604     594     602

          name Clear
             2401     591    1201     596    1225     565
             1229     570    1198     593     604     617
              604     568     601     593     631     590
             1177     595     654     541    1227     567
             1202     591    1227     565     607     594
              600     592    1228     567    1204     590
             1229     566     603     592     604

          name <<
             2428     565    1230     565    1203     590
              632     567     626     569    1227     567
             1202     590     604     594     627     571
             1199     592     604     592    1204     590
             1202     594    1199     592     604     596
              602     593    1202     591    1201     595
             1173     620     628     569     602

          name Scroll
             2402     590     604     593     628     568
             1228     566    1228     567     627     568
              604     592    1203     591     628     569
              628     568     603     618     603     567
             1204

          name >>
             2400     593     604     593     603     592
             1229     566     628     568    1202     592
             1227     567     604     593     628     568
             1227     566     628     569    1226     566
             1203     593    1225     571     601     595
              577     617    1201     594    1226     565
             1228     568     654     541     604

          name |<<
             2402     591     630     566     631     565
              604     593     628     568    1201     594
             1227     567     628     567     602     595
             1201     593     603     593    1201     593
             1228     565    1202     593     656     541
              655     543    1199     593    1200     593
             1201     592     604     592     632

          name Display
             2399     594    1197     596    1201     593
              628     569    1228     566     628     568
              630     566    1201     591     631     568
              628     566     604     592     630     567
             1228

          name >>|
             2444     569    1225     567     603     595
              601     596     601     595    1201     593
             1225     569     627     568     627     567
             1204     592     602     593    1228     565
             1203     593    1201     590     605     593
              631     566    1227     569    1200     593
             1227     567     628     568     602

          name Function
             2400     593    1203     590     631     566
              630     566    1202     592     631     565
             1230     565    1227     566     629     567
              604     594    1200     593    1201     592
              629

          name Band
             2469     541    1202     593    1204     589
             1201     595    1226     569     601     594
              629     564     631     566    1203     593
              602     594    1229     566    1201     591
              631

          name >_||_MD
             2397     593     631     565     604     592
             1201     596    1198     595     626     568
              605     592     629     565    1203     590
             1205     592    1226     568    1228     566
              603

          name >_||_CD
             2399     592     602     595    1226     567
              604     593    1201     592     602     596
              603     590     655     543    1203     592
              629     568     628     567     627     568
             1202

          name <>
             2424     569     628     565     604     594
             1228     565     630     567    1228     566
             1203     590     604     593     603     615
             1203     568    1201     594    1200     593
              606

          name o_Record_MD
             2417     592    1201     593     631     565
             1201     593    1228     569     628     567
             1202     591     603     593    1228     566
             1202     593    1226     566    1255     541
              613

          name Stop
             2449     544     651     545     651     543
              629     566    1253     544    1249     543
             1278     518     677     516     653     543
             1252     543     655     543    1252     539
             1252     546    1248     543     656     563
              631     544    1224     569    1277     516
             1254     540     654     543     680

          name Play_Mode
             2370     621     627     592    1176     595
             1199     594     600     620     606     590
             1176     618     578     617     580     594
             1229     565     629     567    1199     618
             1206     589    1204     590     552     644
              553     644    1149     642    1178     593
             1199     598     600     617     582

          name Repeat
             2397     618     576     596     629     566
             1203     592    1201     594     603     592
             1202     592     577     619     629     568
             1198     618     607     590    1177     595
             1174     620    1198     595     601     620
              577     619    1203     565    1202     593
             1225     593     577     595     601

          name DSG
             2374     622    1223     568     577     620
              577     620     601     617    1203     591
             1176     593     604     594     600     597
              626     568    1202     595    1196     598
              653

          name Bass/Tre
             2397     595    1201     590    1177     619
              602     617     579     618     579     617
             1176     592    1203     617     579     617
              579     620     577     618     577     595
             1201     618     575     596     574     644
             1153

          name Vol_+
             2400     617     577     595    1198     620
              604     592     578     620    1173     617
              579     620     577     617     551     622
              603     618     551     644     605     592
             1150

          name Vol_-
             2372     620    1201     617    1176     620
              603     567     603     618    1176     594
              602     595     625     593     552     645
              578     593     576     644     553     643
             1150

      end raw_codes

end remote
