#
# this config file was automatically generated
# using lirc-0.6.6(any) on Sun Jul 24 14:04:57 2005
#
# contributed by 
#
# brand:                       Sony
# model no. of remote control: RM-SR231
# devices being controlled by this remote:uh... one of those things that
# play sound, don't know exactly how to translate it... a minicomponent?
#

begin remote

  name   Sony_RM-SR231
  flags CONST_LENGTH|RAW_CODES
  eps            30
  aeps          100

  ptrail          0
  repeat     0     0
  gap    44658

      begin raw_codes

          name power
             2652     341    1421     366     803     388
             1387     402     783     408    1356     431
              760     428     763     429     758     433
              758     433     747     444     745     444
             1338

          name set
             2594     403    1381     407     744     448
             1329     458     733     476     711     460
             1313     494    1288     499     699     494
              684     505     688     503     679     510
             1277

          name select
             2628     365     801     390    1374     413
              770     424     765     426     760     431
             1345     442    1349     437     734     455
              731     460     731     461     728     463
             1317

          name sleep
             2602     390     790     401     770     422
              758     440     751     433     753     438
             1338     451    1327     457     720     472
              722     469     711     480     706     483
             1300

          name play
             2601     392     792     399    1365     424
              762     429     760     429    1340     449
             1331     456     726     465     724     465
             1306     480     709     483    1299     487
             1295     492    1295     492     697     494
              695     496    1291     510    1274     512
             1273     514     677     512     679

          name pause
             2637     358    1413     374     801     391
              789     404    1380     404    1381     408
             1361     424     762     429     760     431
             1351     436     755     436    1347     437
             1347     440    1345     444     736     455
              742     459    1317     474    1299     485
             1295     492     699     492     695

          name stop
             2649     350     838     346     834     357
              817     374    1408     379    1385     401
             1372     415     765     426     765     424
             1354     433     756     435    1345     442
             1345     442    1328     458     731     463
              731     458    1324     476    1302     485
             1299     487     702     490     699

#          name backwardlist
#             2605     388     796     395     792     399
#              788     404     780     413    1353     432
#             1353     436     753     435     756     436
#             1335     451     729     463    1321     463
#             1299     488    1299     487     702     492
#              699     490    1292     497    1288     512
#             1272     512     680     512     679

          name backwardlist
             2632     361     823     368     826     368
              810     383     812     377    1387     402
             1381     403     761     441     752     429
             1349     437     756     436    1346     438
             1349     438    1347     440     742     449
              735     456    1317     485    1299     488
             1286     499     690     501     686

          name forwardlist
             2673     320    1421     366     810     381
              796     393     792     401    1372     415
             1365     422     771     420     758     433
             1351     436     753     436    1349     437
             1347     440    1345     444     740     449
              738     455    1334     467    1313     471
             1304     483     708     483     699

          name clear
             2662     333    1408     379    1388     399
             1383     403    1368     422     764     425
              762     428     768     424    1353     433
              756     436     753     438     753     436
             1349

          name backward
             2637     357    1387     399    1372     415
              767     424     760     431    1338     449
             1326     460     729     462     727     462
             1320     467     713     478    1300     487
             1297     490    1295     492     699     492
              695     496    1290     510    1275     512
             1272     515     676     513     676

          name forward
             2631     362     801     390     799     393
             1369     420     762     427    1353     433
             1331     456     729     462     731     458
             1313     474     706     485    1299     488
             1297     489    1293     494     697     494
              695     496    1291     510    1274     512
             1273     514     677     514     678

          name volup
             2614     379     799     392    1376     411
              772     419     763     429    1355     433
              754     435     758     434     750     441
              744     447     738     453     742     447
             1329

          name voldown
             2589     404    1367     420    1360     426
              752     439     761     431    1333     456
              733     456     731     460     719     472
              711     480     706     485     704     485
             1298

          name skip
             2632     361     819     372    1392     395
             1374     415    1353     431    1347     440
             1335     451     729     461    1324     462
              727     464     727     465     726     465
             1313

          name game
             2610     383     810     381     799     393
             1376     412    1356     431    1358     429
             1351     436    1349     435     731     461
              735     456     735     456     728     461
             1328

          name cd
             2575     395    1383     406     783     408
             1354     433     756     433     758     433
             1349     438     749     442     747     442
              733     458     729     464     725     467
             1319

          name tuner
             2627     368    1403     383    1385     404
             1356     429    1356     431     755     436
              744     447     749     440     728     463
              726     465     726     465     724     465
             1313

          name tape
             2631     359    1390     399    1372     415
              762     429     754     437     751     438
             1336     451     733     458     728     464
              726     462     729     462     727     466
             1318

          name video
             2629     366    1387     402     792     399
              785     406    1363     424     756     435
             1347     437    1334     453     733     458
              727     465     726     465     724     465
             1319

          name preset
             2623     367     819     373     802     389
             1367     419    1359     430    1336     449
             1331     456    1328     458     727     462
             1322     465     727     464     724     467
             1320

          name surround
             2616     374    1381     408    1358     429
             1354     435    1347     437    1341     446
              738     453    1322     463     726     465
              726     465     727     464     727     465
             1312     475     721     467     720     471
             1302

          name effect
             2603     376     819     372     792     400
              769     424    1358     429     757     434
             1342     445     744     444     733     459
              735     456    1322     462    1321     466
              724

          name file
             2639     354    1387     400    1362     427
             1351     435    1348     439     749     440
             1333     454    1324     463     740     451
              735     454    1324     462    1318     469
              722

          name enter
             2616     377     791     400     789     402
             1360     431    1351     434    1351     435
             1347     440    1324     461     730     461
             1322     464     725     467    1313     473
             1311     476    1299     490     697     492
              697     508    1274     512    1273     514
             1270     517     674     515     674

          name up
             2605     385     801     393     789     402
              783     408    1360     429    1351     433
             1352     435    1334     453     736     455
             1322     463     726     465    1317     470
             1315     471    1312     475     713     478
              708     483    1293     508    1277     520
             1269     507     682     507     679

          name down
             2621     374    1390     396     790     401
              792     402    1372     412    1352     435
             1359     428    1333     452     728     463
             1319     467     730     462    1297     489
             1315     472    1313     473     720     472
              699     492    1299     501    1289     498
             1289     498     684     505     683

          name left
             2609     383     799     392    1383     404
              781     413    1378     409    1355     429
             1354     433    1340     446     740     449
             1324     463     726     465    1320     467
             1317     470    1308     478     716     476
              699     492    1293     496    1286     512
             1281     505     693     499     679

          name right
             2623     368    1382     404    1358     431
              763     428    1354     433    1349     436
             1349     437    1327     460     724     467
             1320     467     724     465    1318     469
             1308     481    1297     487     697     510
              679     499    1286     514    1270     514
             1273     514     675     516     675

      end raw_codes

end remote
