#
# this config file was automatically generated
# using lirc-0.6.6(serial) on Wed Jun  4 00:51:26 2003
#
# contributed by 
#
# brand:                       Sony
# model no. of remote control: RM-V301
# devices being controlled by this remote: MythTV
#

begin remote

  name  RM-V301
  flags CONST_LENGTH|RAW_CODES
  eps            30
  aeps          100

  ptrail        599
  repeat  9009  2230
  gap    107840

      begin raw_codes

          name 1
             9036    4423     634    1634     581     544
              581    1661     608     517     609     516
              609     516     607    1636     608     516
              581     544     608    1634     606     519
              608    1634     608    1633     608    1635
              609     515     609    1633     587    1656
              609     515     608     517     608     517
              607     518     607     518     601     524
              581     544     581     543     610    1633
              609    1633     607    1635     607    1634
              609    1633     582    1660     609    1633
              609

          name 2
             9009    4448     610    1633     580     544
              609    1634     607     517     610     515
              608     517     609    1633     609     516
              581     544     581    1661     635     489
              609    1633     608    1634     607    1635
              608     517     581    1661     581     544
              609    1634     608     516     582     543
              609     516     582     543     609     515
              582     543     609    1633     608     517
              609    1633     608    1634     608    1634
              582    1660     608    1634     609    1633
              610

          name 3
             9009    4449     609    1633     608     517
              608    1634     581     544     608     517
              609     515     581    1662     582     543
              608     516     609    1634     608     517
              609    1632     608    1635     580    1661
              581     544     581    1661     608    1634
              609    1634     581     543     608     517
              582     543     609     516     607     518
              581     544     581     543     582     544
              582    1659     581    1661     607    1635
              582    1661     608    1633     582    1660
              607

          name 4
             9011    4443     608    1634     608     517
              582    1660     581     544     581     544
              609     516     582    1660     609     516
              606     518     581    1661     580     545
              608    1634     610    1632     581    1661
              610     515     582    1660     582     543
              610     515     610    1633     607     518
              608     516     581     544     608     516
              582     543     608    1635     581    1660
              610     516     609    1633     607    1634
              582    1661     581    1661     581    1661
              608

          name 5
             8984    4471     607    1642     575     543
              609    1633     608     517     607     517
              609     517     608    1634     580     544
              610     516     635    1607     606     518
              582    1660     608    1635     608    1634
              607     518     607    1635     608    1633
              582     543     609    1634     607     517
              608     517     617     508     609     516
              580     545     607     518     608    1634
              608     517     606    1636     609    1633
              609    1633     607    1634     581    1662
              581

          name 6
             8984    4499     553    1661     582     543
              637    1605     581     543     581     545
              608     516     607    1635     608     517
              610     515     609    1633     582     543
              581    1662     608    1634     608    1633
              607     518     581    1661     608     516
              608    1635     581    1660     582     544
              607     518     608     517     607     517
              581     573     554    1660     607     518
              607     517     610    1633     581    1661
              608    1634     608    1633     581    1662
              580

          name 7
             9010    4449     608    1634     608     517
              609    1633     608     517     581     544
              608     518     606    1635     582     542
              582     544     607    1635     608     516
              608    1635     580    1662     607    1635
              608     517     607    1635     606    1636
              608    1634     609    1633     581     543
              608     518     580     544     610     516
              581     544     607     517     609     516
              608     517     608    1634     595    1647
              581    1661     609    1632     609    1634
              609

          name 8
             9038    4421     608    1660     582     543
              609    1633     581     544     608     520
              604     518     581    1662     581     543
              607     518     581    1661     608     517
              581    1661     608    1634     608    1634
              606     519     608    1633     606     519
              630     495     583     543     607    1635
              608     517     580     708     442     519
              603     522     607    1635     609    1633
              582    1660     581     545     608    1633
              582    1660     582    1660     582    1660
              609

          name 9
             9036    4448     637    1606     608     516
              609    1634     607     517     604     522
              607     517     609    1633     608     517
              582     543     607    1635     581     544
              608    1634     608    1633     610    1632
              582     543     582    1660     609    1634
              582     543     608     517     607    1634
              608     517     609     516     609     516
              609     516     609     516     607    1636
              608    1633     610     514     583    1661
              580    1661     607    1635     582    1660
              581

          name 0
             8983    4445     634    1634     582     543
              609    1634     608     516     609     516
              608     517     608    1634     636     489
              608     517     581    1661     581     543
              583    1660     581    1661     581    1661
              607     518     609    1633     581     544
              608    1634     580     544     609    1633
              581     550     576     544     607     517
              582     543     608    1635     608     516
              608    1634     607     519     580    1661
              606    1637     580    1661     581    1661
              581

          name pip
             9010    4444     607    1635     609     517
              581    1661     608     517     581     544
              609     515     608    1635     607     518
              608     517     608    1633     582     544
              608    1634     608    1633     610    1634
              607     517     607    1634     582    1661
              609     516     580    1661     606     520
              609     515     609    1633     609     516
              582     544     597     527     609    1633
              608     517     581    1661     609    1633
              580     545     607    1635     606    1636
              608

          name ent
             8983    4471     607    1635     582     543
              581    1661     608     518     608     516
              608     518     608    1633     582     544
              580     544     607    1635     609     516
              608    1634     608    1634     608    1635
              606     518     608    1634     607    1635
              607     518     608     517     581     543
              582     544     607    1635     581     570
              581     518     580     545     581    1661
              582    1686     554    1662     608    1634
              581     543     582    1661     581    1660
              582

          name power
             8982    4472     607    1634     581     545
              608    1633     607     519     581     544
              607     517     581    1661     582     543
              625     500     609    1633     610     515
              608    1635     608    1633     607    1635
              609     516     582    1661     608     517
              603    1638     581     544     609     516
              608    1634     610     515     636     489
              608     517     605    1637     608     517
              608    1634     606    1636     582     543
              608    1634     581    1661     582    1660
              609

          name rewind
             9038    4417     606    1635     608     518
              608    1634     609     515     608     518
              610     514     582    1661     607     517
              582     544     607    1634     608     517
              609    1633     581    1661     582    1661
              606     518     608    1634     608    1635
              608     516     609     516     581    1661
              610    1633     606     518     581     544
              581     544     581     544     581    1661
              607    1635     607     517     610     516
              608    1635     608    1633     636    1606
              580

          name play
             9011    4417     608    1661     609     516
              606    1637     609     515     608     517
              608     517     609    1633     607     518
              609     515     582    1660     608     517
              607    1635     608    1634     608    1634
              609     517     581    1661     608    1634
              581     544     635    1607     608     516
              610    1633     608     516     581     545
              607     517     610     516     608    1633
              609     516     610    1633     608     517
              609    1633     608    1633     609    1633
              609

          name ffw
             9009    4449     608    1635     609     515
              581    1661     609     517     581     543
              610     515     608    1634     609     516
              608     517     609    1633     609     516
              608    1634     581    1661     608    1635
              580     544     609    1634     619    1622
              581    1662     581     544     580     544
              608    1635     607     517     595     530
              607     518     608     517     581     544
              581    1661     581    1661     582     543
              608    1634     609    1634     608    1633
              582

          name rec
             8985    4474     582    1660     582     543
              610    1633     608     516     608     518
              607     517     609    1633     636     489
              608     517     608    1635     606     518
              610    1633     581    1660     581    1661
              609     517     607    1634     609     518
              607    1634     581    1660     582    1660
              609    1633     608     517     607    1635
              608    1634     610    1634     606     518
              606     519     607     517     582     543
              608    1634     582     542     611     516
              581

          name stop
             8985    4474     609    1633     608     517
              605    1638     606     518     608     517
              582     543     583    1660     607     518
              581     543     610    1633     580     544
              609    1633     924    1319     581    1661
              608     517     608    1633     582     543
              609     517     607    1635     581     544
              605    1637     608     517     608     517
              607     517     609    1634     609    1632
              608     517     582    1660     608     517
              609    1633     610    1633     607    1634
              615

          name pause
             9037    4449     608    1633     610     515
              607    1635     581     544     608     517
              581     544     608    1634     608     517
              608     517     609    1633     609     516
              609    1633     608    1634     634    1608
              608     517     581    1662     608     516
              607     518     610     516     609     515
              610     516     607     517     608     517
              609     517     607    1634     609    1633
              582    1660     610    1632     609    1633
              609    1634     608    1634     581    1660
              608

          name tv_video
             9010    4472     580    1661     610     516
              634    1608     608     516     582     543
              594     531     609    1634     608     517
              608     516     611    1632     608     517
              609    1632     610    1633     609    1632
              582     544     607    1634     610    1632
              583    1660     608    1634     581     545
              607     517     581    1661     582     543
              608     517     581     544     608     517
              609     516     609    1633     581    1661
              608     517     582    1660     582    1660
              581

          name disp
             9011    4445     634    1607     582     543
              581    1661     605     521     606     519
              580     544     610    1633     609     515
              608     517     608    1634     609     516
              607    1635     581    1661     609    1633
              582     543     608    1635     608     517
              608    1633     609    1634     581     543
              609    1633     581     544     610     515
              609     515     608    1635     608     518
              580     545     606    1635     599     527
              606    1636     609    1633     609    1633
              609

          name sleep
             9008    4451     607    1634     609     516
              609    1634     609     515     609     516
              608     517     582    1661     581     544
              581     544     608    1634     581     543
              609    1634     607    1635     607    1635
              582     543     608    1634     582     543
              580     545     582     543     582    1660
              607     518     608    1634     607     518
              582     543     608    1634     581    1661
              582    1661     580     545     608    1633
              608     518     581    1660     582    1686
              583

          name guide
             8990    4445     581    1661     609     516
              609    1634     580     544     609     516
              597     529     607    1635     605     520
              581     544     607    1635     580     545
              608    1634     580    1662     609    1633
              607     518     608    1633     582    1661
              607    1635     607    1635     609    1633
              608     517     608    1635     607    1634
              608    1634     582     543     582     543
              582     543     608     517     608    1634
              581     544     609     517     580     544
              608

          name up
             9002    4455     606    1635     633     493
              607    1635     580     544     608     517
              609     516     608    1634     609     516
              582     543     609    1633     607     518
              582    1661     607    1634     610    1633
              609     516     608    1633     610     516
              608     516     608     518     608     517
              608     517     608     516     608     517
              582    1660     611    1632     608    1633
              608    1635     581    1661     581    1660
              609    1634     608    1634     581     544
              581

          name left
             9012    4443     609    1633     607     518
              609    1633     608     517     609     516
              608     517     608    1634     636     489
              606     519     609    1633     609     516
              582    1660     609    1633     582    1661
              609     516     580    1661     610    1633
              608     516     608     517     605     520
              608    1635     607     518     581    1661
              581     544     608     517     606    1636
              614    1628     609    1633     608     517
              607    1635     606     518     582    1661
              609

          name right
             9013    4446     608    1633     609     517
              608    1634     609     515     608     518
              608     516     608    1634     609     516
              609     517     580    1661     608     518
              594    1648     608    1633     607    1636
              609     516     608    1634     606    1636
              610     515     606    1636     581    1661
              607     518     581     544     582    1660
              581     545     580     544     581    1661
              582     543     582     544     580    1662
              607    1635     581     543     609    1660
              583

          name down
             9009    4451     609    1633     606     519
              580    1661     610     517     604     520
              607     517     607    1636     609     515
              581     544     609    1633     610     515
              637    1605     607    1635     609    1633
              608     517     609    1634     581    1661
              582     543     608     517     607     518
              608     517     608     517     580     544
              609    1634     609     516     581    1661
              581    1661     581    1661     609    1633
              581    1662     607    1635     608     517
              609

          name menu
             8982    4473     581    1661     608     517
              605    1637     608     517     607     517
              582     544     637    1605     609     516
              582     543     608    1634     664     461
              608    1634     607    1635     610    1632
              609     516     609    1634     581     543
              608     518     607    1635     580     545
              609     515     610     515     582     544
              607    1634     608    1634     610    1633
              608     517     581    1661     609    1632
              582    1661     609    1633     607     517
              608

          name volup
              290    1819     319     743     291     770
              316     745     318     743     318     743
              318     743     318    1789     291     771
              289    1816     319     743     291     770
              291     770     318    1789     290     771
              317   46995     318    1793     318     744
              316     745     346     715     290     770
              317    1791     317    1789     315     746
              291    1816     318     743     317    1789
              291    1816     319    1788     290     770
              320    1787     290

          name voldown
              317    1797     318     744     318     743
              318     743     317     744     318    1788
              319     743     290    1816     319     742
              317    1790     319     742     318     743
              317     744     318    1789     317     743
              319   45915     343    1794     317     744
              318     743     319     743     291     770
              291     771     318    1789     318     742
              317    1789     319     742     291    1816
              317    1789     319    1788     318     744
              318    1788     316

          name chanup
             9013    4447     580    1662     607     518
              608    1633     582     544     607     518
              607     518     581    1660     582     544
              581     544     581    1660     582     543
              583    1660     607    1635     606    1636
              608     517     581    1661     581     544
              581     544     608    1634     608     517
              580     545     581    1661     582     543
              609     517     581    1660     608    1635
              609     515     609    1634     607    1635
              582     543     581    1661     606    1636
              581

          name chandown
             9012    4447     582    1661     608     516
              607    1636     608     516     609     517
              632     492     609    1633     609     517
              610     515     608    1634     607     517
              582    1660     582    1661     580    1662
              610     515     621    1621     608    1634
              608    1634     609     516     608     517
              604     521     610    1632     581     544
              605     520     581     545     607     517
              581    1661     582    1661     608    1633
              609     517     609    1633     581    1661
              609

          name muting
              289    1826     318     743     317     744
              345     716     291     771     317    1789
              317    1789     318    1790     318     742
              318    1789     290     771     290     771
              316     745     347    1759     319     743
              318   44912     317    1794     316     746
              290     771     316     745     290     771
              290     771     291     770     317     745
              290    1816     317     744     318    1788
              291    1816     290    1816     318     744
              290    1816     291

          name recall
             9011    4444     582    1660     609     516
              607    1635     609     516     581     544
              581     544     581    1662     635     489
              608     517     581    1661     582     570
              554    1661     582    1660     608    1634
              608     517     608    1634     609     517
              607    1635     580     544     607     518
              582     543     607    1635     610     516
              607     517     581    1662     581     544
              582    1660     607    1635     608    1634
              607     517     610    1633     581    1661
              581

      end raw_codes

end remote
