#
# this config file was automatically generated
# using lirc-0.6.6(sir) on Mon Jun 30 14:25:47 2003
#
# contributed by
#
# brand:                       sony
# model no. of remote control:
# devices being controlled by this remote:
#

begin remote

  name   sony
  flags CONST_LENGTH|RAW_CODES
  eps            30
  aeps          100

  ptrail          0
  repeat     0     0
  gap    43717

      begin raw_codes

          name power
             1861     497     922     490     451     491
              922     490     451     491     687    2162
              215     491     451     490     451     491
              921     491     922     490     450     490
              923     490      97    2164     333

          name eject
              156    2170    1679     497     452     490
              922     490     922     490     450     493
              920    2633     452     493     448     491
              920     491     922     490     451     491
              921     490     334    2168      93

          name timer_clear
             1861     498     922     491     157    2162
              744     492     451     489     452     491
              451     490     921     490     923     490
              921    2635     920     491     452     489
              922     491     450

          name tv_vtr
             1862     497     452     490     921     490
              451     491     805    2161     100     489
              450     491     922     491     451     490
              922     489     923     491     451     490
              157    2162     745     490     452

          name audio_monitor
             1862     497     922     491     921    2634
              922     491     449     492     921     490
              452     491     449     492     921     490
              687    2162     217     489     450     492
              921     490     453

          name menu
             1863     496      99    2164     802     490
              450     492     921     490     922     490
              451     491     450     491     922    2633
              921     490     923     490     452     490
              921     491     451

          name counter_reset
             1803    2169      39     490     450     491
              922     490     921     492     450     491
              451     490     453     489     745    2163
              156     492     921     491     920     492
              450     490     923     489     452

          name execute
             1861     498     920    2635     450     490
              452     490     451     491     921     493
              448     491     920     496     917    2635
              922     490     451     492     920     490
              452

          name cursor_up
             1862     498     449     492     921     490
              452     491     451     490     274    2170
              150     490     452     490     923     490
              921     490     923     490     450     492
              921    2633     452

          name cursor_down
              628    2163    1214     498     921     492
              921     490     451     490     451     491
              450     491     452    2631     923     490
              921     490     922     491     449     492
              921     490     452

          name cursor_left
             1861     497     452     491     920     491
              451    2634     452     491     451     490
              922     489     923     490     921     490
              923     490     157    2162     276     490
              921     490     452

          name cursor_right
             1864     497     921     491     451     490
              453    2632     450     491     451     490
              923     490     921     490     923     490
              921     492      97    2162     334     490
              923     489     450

          name 1
             1862     497     455     488     449    2634
              451     490     452     490     451     492
              449     491     451     490     922     491
              921     490      39    2174     392     490
              921     492     450

          name 2
               97    2165    1742     497     921     492
              450     491     451     490     452     490
              450     492     450    2635     449     491
              920     492     921     490     452     490
              921     492     450

          name 3
             1155    2164     686     497     450     490
              923     491     449     492     450     490
              452     490     452     490     450    2635
              920     491     923     489     451     489
              923     491     452

          name 4
             1861     497     923    2634     921     491
              451     490     453     489     450     492
              450     490     452     491     920     492
               39    2163     862     490     452     490
              921     492     450

          name 5
             1862     495     452     491     451     490
              921     492     450    2633     451     491
              451     491     449     491     922     490
              925     488     450     491     925    2631
              451

          name 6
             1862     497     921     492     450     492
              921     490     450     492     449    2635
              450     490     452     490     921     492
              921     490     452     491     920     492
              392    2162      39

          name 7
             1864     497     450    2634     922     490
              921     492     450     490     452     491
              451     490     450     490     922    2634
              920     492     451     489     924     489
              450

          name 8
             1037    2164     804     496     923     490
              921     490     924     489     452     490
              450     492     449    2637     451     490
              921     492     921     490     452     490
              921     492     450

          name 9
             1863     497     450     491     451     490
              452     491     920    2635     451     490
              452     491     449     492     921     490
              923     490     450     492     921    2633
              452

          name 0
             1862     497      39    2163     863     492
              450     490     451     491     920     492
              450     491     451     490     451     492
              333    2164     566     491     922     491
              451     490     922     489     452

          name skip
             1863     497     922     489     450    2635
              921     490     923     490     921     493
              449     490     923     496     915    2636
              920     491     451     491     920     491
              451

          name enter
             1861     497     922     490     922     491
              157    2162     275     490     921     490
              452     491     451     490     450     492
              921     490     923    2634     449     490
              923     490     451

          name vcr_plus
             1863     497     452     490     334    2162
               97     491     450     491     451     490
              452     491     920     491     922     490
              453     489     626    2165     273     490
              452     490     921     492     921     490
              923     490     450     492     920

          name once
             1863     498     920     491     451    2633
              451     491     450     490     453     489
              923     490     921     490     452     490
              923    2633     450     490     922     491
              920     492     921     490     453     489
              921

          name daily
             1862     498     449     492     921     490
              452     491     449     492     451    2633
              923     490     921     493     449     490
              923     490     450     492     921    2636
              918     490     921     490     452     490
              923

          name weekly
             1862     497     921     490     923     490
              452     490     450     492     449    2635
              923     489     921     492     450     491
              922     490     450     492     922    2632
              923     490     921     492     450     490
              923

          name counter_remain
             1862     497     922     489     452     491
              451    2634     449     493     449     490
              453     489     923     490     921     491
              922     490     392    2162      39     492
              921     490     451

          name display
             1862     497     275    2170     157     491
              920     492     450     490     923     490
              921     490     451     491     922    2626
              922     489     923     490     452     490
              921     490     452

          name tracking_auto_manual
             1862     497     333    2163     569     491
              921     492     920     490     453     489
              450     492     921     491     452    2633
              922     489     923     490     452     490
              921     490     452

          name tracking_normal_slow_still_adjust_down
              391    2162    1452     497     922     489
              452     491     922     490     450     490
              452     490     276    2163     157     490
              921     491     922     489     923     491
              449     490     923     490     452

          name tracking_normal_slow_still_adjust_up
             1862     497     451     491     450    2635
              921     490     451     491     450     492
              451     489     923     491     920     490
              394    2163     510     491     451     490
              921     490     452

          name slow-
             1862     496     450     492     922    2632
              923     490     921     491     922     490
              921     490     452     490     922    2634
              920     491     451     490     923     490
              450

          name slow+
               39     941      39    1471     176     237
               39     804      39    1117      39    1217
               39     314      39   24644    1862     497
              922     491     450     491     922    2633
              921     492     921     490     923

          name tape_speed
             1863     498     449     490     452     490
              452     490     921     490     687    2164
              215     490     452     490     921     491
              922     490     921     491     451     490
              922    2633     450

          name frame_left
             1862     497     450     490     452    2633
              452     490     449     492     921     490
              923     490     450     490     923     491
              391    2164     508     492     450     490
              923     495     447

          name frame_right
             1625    2165     215     498     921     490
              451     491     450     492     449     491
              922     490     921     492      39    2163
              391     491     922     491     920     491
              452     489     923     490     450

          name input_select
             1864    2639     923     489     922     491
              921     491     922     490     450     490
              452     490     215    2164     686     491
              920     491     922     490     451     491
              921     490     452

          name index_search_left
             1862     497     922     489     863    2164
               39     490     921     490     452     490
              921     492     450     490     922     491
              920    2635     941     470     472     471
              920     492     489

          name index_search_right
             1864     496     451     490     216    2162
              687     489     922     490     451     490
              921     492     450     490     923     491
              509    2162     392     491     922     490
              452     490     922     489     452

          name record
             1862     497     921     490      98    2168
              330     491     920     491     922     490
              923     490     451     489     452     490
              923    2633     921     490     452     491
              920     492     450

          name search_left
             1863     495     452     490     453     489
              450     491     217    2162     686     490
              452     490     921     490     452     490
              923     490     921     490     451    2634
              920     493     449

          name search_right
             1863     497     922     491     450     490
              452    2633     922     491     449     490
              923     490     451     492     920     491
              922     490     158    2162     273     492
              921     490     452

          name vol+
             1862     495     452     491     862    2164
               39     490     450     492     450     491
              921     490     451     491     450     491
              922     490     451    2635     450     491
              451     490     452

          name vol-
             1861     497     924     489     922     491
              450     490     453    2633     921     492
              449     491     452     489     922     492
              449     491     451     490     452    2632
              449

          name ch+
             1861     498     452     489     450     490
              452     490     452    2634     920     490
              452     490     452     490     921     492
              920     491     452     489     746    2162
              156     490     452

          name ch-
             1902     457     510    2163     394     489
              450     491     451     490     452     490
              921     492     450     490     451     491
              862    2162      39     493     920     491
              452     489     922     492     449

          name pause
             1861     497     922     492     449    2634
              452     489     922     492     920     490
              452     490     451     491     921     490
              452    2166     452     490     450     492
              921     490     451

          name play
             1864     495     452    2634     922     490
              450     490     923     490     921     492
              450     490     452     490     686    2162
              217     491     920     491     452     489
              921     492     450

          name stop
             1861     497     333    2162      96     490
              452     491     451     490     921     492
              921     490     452     490     450     492
              686    2163     217     487     924     489
              453     489     921     490     454

          name 1/5_ff
             1862     496     921    2634     451     491
              449     492     451     489     923     490
              921     494     448     490     923    2638
              918     489     452     490     923     490
              451

          name 1_ff
             1862     497     450     492      39    2163
              392     489     923     490     450     492
              921     490     452     490     450     492
              921    2633     921     492     450     492
              920     491     451

          name x2_ff
             1862     496     921     490     923     490
              392    2164      39     491     450     490
              923     490     921     490     452     490
              921     492     921    2633     452     490
              921     492     450

          name ff
               39    2167    1802     497     452     490
              450     492     921     490     922     490
              803    2161      98     490     452     489
              452     490     921     490     923     490
              452     490     921     491     217    2166
              215

          name 1/5_rew
             1862     497     450     490     453     489
              452     490     451     489     923    2633
              922     491     449     491     922     490
              921     492     450     490     921     492
               39    2164     391

          name 1_rew
              392    2162    1451     498     921     491
              922     490     450     492     450     490
              922    2634     920     491     451     490
              924     489     922     489     452     490
              921     492      97    2162     334

          name x2_rew
             1864     497     450     490     452    2633
              921     492     450     490     922     491
              450     490     451     491     922     490
              451    2171     449     491     451     491
              920     493     449

          name rew
             1862     498     920     491     922     490
              334    2162      99     490     921     490
              923     490     450     492     450     490
              922     491     920    2635     451     489
              924     489     450

          name stop_rew_ff
             1863     497     451     490     452    2161
              450     492     921     490     921     492
              920     491     922     490     921    2635
              922     489     921     492     450     491
              922     490     450

      end raw_codes

end remote
