#
# brand:             Sony
# model:             RMT-812
# supported devices: SONY DCR-PC5E
#
# raw codes entered by
# matthias.ringwald@inf.ethz.ch

begin remote

  name   RMT-812
  flags CONST_LENGTH|RAW_CODES
  eps            30
  aeps          100

  ptrail          0
  repeat     0     0
  gap    45000

      begin raw_codes

          name Play
             2400     600     600     600    1200     600
              600     600    1200     600    1200     600
              600     600     600     600    1200     600
             1200     600    1200     600     600     600
              600

          name Stop
             2400     600     600     600     600     600
              600     600    1200     600    1200     600
              600     600     600     600    1200     600
             1200     600    1200     600     600     600
              600

          name FF
             2400     600     600     600     600     600
             1200     600    1200     600    1200     600
              600     600     600     600    1200     600
             1200     600    1200     600     600     600
              600

          name Rew
             2400     600    1200     600    1200     600
              600     600    1200     600    1200     600
              600     600     600     600    1200     600
             1200     600    1200     600     600     600
              600

          name Photo
             2400     600    1200     600     600     600
             1200     600     600     600    1200     600
              600     600     600     600    1200     600
              600     600     600     600    1200     600
             1200     600    1200     600     600     600
             1200

          name ZeroSetMemory
             2400     600    1200     600    1200     600
             1200     600     600     600     600     600
              600     600    1200     600    1200     600
             1200     600    1200     600     600     600
              600

          name RecStartStop
             2400     600    1200     600     600     600
              600     600    1200     600    1200     600
              600     600     600     600    1200     600
              600     600     600     600    1200     600
             1200     600    1200     600     600     600
             1200

          name Display
             2400     600     600     600    1200     600
              600     600    1200     600    1200     600
              600     600    1200     600    1200     600
             1200     600    1200     600     600     600
              600

          name DataCode
             2400     600     600     600     600     600
             1200     600    1200     600     600     600
              600     600    1200     600    1200     600
              600     600     600     600    1200     600
             1200     600    1200     600     600     600
             1200

          name MemoryPlay
             2400     600     600     600    1200     600
              600     600    1200     600     600     600
             1200     600     600     600     600     600
             1200     600     600     600    1200     600
             1200     600    1200     600     600     600
              600     600     600     600    1200     600
             1200     600    1200     600    1200

          name MemoryIndex
             2400     600     600     600     600     600
              600     600     600     600     600     600
             1200     600     600     600     600     600
             1200     600     600     600    1200     600
             1200     600    1200     600     600     600
              600     600     600     600    1200     600
             1200     600    1200     600    1200

          name MemoryMinus
             2400     600    1200     600    1200     600
              600     600    1200     600     600     600
             1200     600     600     600     600     600
             1200     600     600     600    1200     600
             1200     600    1200     600     600     600
              600     600     600     600    1200     600
             1200     600    1200     600    1200

          name MemoryPlus
             2400     600     600     600     600     600
             1200     600    1200     600     600     600
             1200     600     600     600     600     600
             1200     600     600     600    1200     600
             1200     600    1200     600     600     600
              600     600     600     600    1200     600
             1200     600    1200     600    1200

          name T
             2400     600     600     600    1200     600
              600     600    1200     600    1200     600
              600     600     600     600    1200     600
              600     600     600     600    1200     600
             1200     600     600     600    1200     600
             1200

          name W
             2400     600    1200     600    1200     600
              600     600    1200     600    1200     600
              600     600     600     600    1200     600
              600     600     600     600    1200     600
             1200     600     600     600    1200     600
             1200

          name SearchMode
             2400     600    1200     600     600     600
             1200     600    1200     600     600     600
             1200     600     600     600    1200     600
              600     600     600     600    1200     600
             1200     600    1200     600     600     600
             1200

          name SearchLeft
             2400     600    1200     600    1200     600
             1200     600     600     600    1200     600
              600     600    1200     600    1200     600
             1200     600    1200     600     600     600
              600

          name SearchRight
             2400     600     600     600    1200     600
             1200     600     600     600    1200     600
              600     600    1200     600    1200     600
             1200     600    1200     600     600     600
              600

          name Left
             2400     600     600     600     600     600
              600     600     600     600    1200     600
             1200     600     600     600    1200     600
             1200     600    1200     600     600     600
              600

          name Right
             2400     600    1200     600     600     600
              600     600     600     600    1200     600
             1200     600     600     600    1200     600
             1200     600    1200     600     600     600
              600

          name Pause
             2400     600    1200     600     600     600
              600     600    1200     600    1200     600
              600     600     600     600    1200     600
             1200     600    1200     600     600     600
              600

          name Slow
             2400     600    1200     600    1200     600
              600     600     600     600     600     600
             1200     600     600     600    1200     600
             1200     600    1200     600     600     600
              600

          name x2
             2400     600     600     600     600     600
             1200     600     600     600    1200     600
              600     600     600     600    1200     600
             1200     600    1200     600     600     600
              600

          name Mark
             2400     600    1200     600    1200     600
              600     600    1200     600     600     600
             1200     600    1200     600    1200     600
             1200     600    1200     600     600     600
              600

          name AudioDub
             2400     600     600     600     600     600
              600     600    1200     600     600     600
             1200     600    1200     600    1200     600
             1200     600    1200     600     600     600
              600

      end raw_codes

end remote


