#
# this config file was automatically generated
# using lirc-0.8.0(sir) on Sun Dec 10 02:04:26 2006
#
# contributed by D R Lunsford antimatter33|yahoo.com
#
# brand:                       Sony
# model no. of remote control: RMT-V231A
# devices being controlled by this remote: Sony VCR
#

begin remote

  name   Sony_RMT-V231A
  flags RAW_CODES|CONST_LENGTH
  eps            30
  aeps          100

  ptrail          0
  repeat     0     0
  gap    44858

      begin raw_codes

          name power
             2354     633    1158     633     562     633
             1158     633     562     633    1160     633
              561     633     562     633    1159     633
             1159     633     562     634    1158     633
              562

          name eject
             2353     633     561     633    1159     632
             1159     633     565     633    1158     633
              562     633     409     578    1366     633
             1159     634     562     633    1158     633
              562

          name tvvideo
             2354     633     561     633    1159     634
              562     633    1158     633     562     633
             1159     633     562     633    1159     633
             1159     632     563     634    1159     633
              561

          name clear
             2355     633    1159     633    1159     633
              562     633     562     633     562     633
             1158     633    1159     633    1159     633
             1159     633     561     634    1158     635
              562

          name audiomonitor
             2352     633    1159     633    1161     633
             1158     633     562     633    1158     633
              562     632     562     636    1159     633
             1158     634     562     632    1159     633
              562

          name display
             2353     633     562     632    1163     633
              561     633    1156     636    1159     633
              562     632    1160     633    1159     632
             1159     633     561     633    1159     634
              562

          name counterreset
             2353     633     562     632    1159     634
             1159     633     561     633     562     634
              562     633    1159     633    1158     633
             1159     633     562     634    1159     633
              562

          name one
             2352     632     562     633     561     637
              561     633     562     633     561     633
              562     633     562     633    1159     643
             1149     633     561     633    1157     636
              561

          name two
             2352     635    1159     633     561     633
              562     633     562     633     561     633
              562     633     562     632    1160     632
             1160     633     562     633    1159     633
              561

          name three
             2400     584     611     583    1184     658
              487     683     586     584     562     633
              610     584     611     583    1210     584
             1183     608     612     583    1184     609
              561

          name four
             2377     608    1159     633    1209     584
              561     633     587     607     562     633
              564     632     562     633    1184     608
             1160     632     562     633    1209     584
              561

          name five
             2352     634     562     633     561     633
             1159     634     562     633     561     633
              562     632     562     634    1158     633
             1158     635     561     633    1159     632
              565

          name six
             2352     633    1158     634     562     632
             1174     622     562     633     561     633
              562     631     562     633    1159     633
             1159     633     562     632    1159     631
              564

          name seven
             2353     633     562     632    1159     633
             1158     633     562     632     562     636
              561     633     562     632    1159     634
             1159     633     561     633    1161     633
              562

          name eight
             2353     633    1159     633    1159     633
             1159     632     564     633     561     633
              562     633     562     633    1159     633
             1158     709     487     633    1159     632
              563

          name nine
             2356     632     562     633     561     634
              561     633    1159     633     561     633
              562     633     561     633    1160     633
             1158     633     562     632    1160     633
              562

          name zero
             2352     634    1159     633     561     633
              562     634    1159     633     562     633
              561     633     562     633    1158     633
             1161     633     561     633    1159     634
              561

          name enter
             2352     633    1159     633    1159     634
              561     633    1159     633     570     626
              561     633     561     633    1161     633
             1159     632     562     633    1158     633
              562

          name record
             2352     633    1159     633     562     632
             1168     626    1159     633    1159     634
              561     633     562     633    1159     633
             1159     633     562     632    1157     637
              561

          name quicktimer
             2354     633     561     633    1159     634
              561     633     562     633    1159     633
              562     633    1159     633    1162     633
             1159     633     561     631    1162     633
              561

          name volup
             2354     633     561     633    1161     633
              561     633     562     632    1160     633
              562     633     561     633    1160     633
              561     633     562     633     561     633
              561

          name voldown
             2352     635    1159     633    1158     633
              562     633     562     633    1159     634
              561     633     562     633    1158     634
              562     633     561     633     567     628
              563

          name chanup
             2353     633     562     633     410     570
              777     633     561     633    1160     633
              562     633     562     633    1158     633
             1158     633     562     633    1161     633
              562

          name chandown
             2353     633    1159     632     562     634
              562     633     561     633    1159     635
              561     633     561     633    1159     633
             1159     633     562     633    1160     633
              561

          name slow
             2355     633    1158     634    1158     633
              563     632     563     633     561     633
             1159     632     561     633    1159     633
             1159     636     562     633    1159     632
              562

          name smartcue
             2353     633    1158     633     563     633
             1159     633    1159     634    1158     633
              562     633    1159     633    1159     633
             1161     633     561     633    1159     633
              561

          name pause
             2354     633     562     633    1159     632
             1158     633    1159     633     562     635
              562     633     561     633     562     631
             1161     633     562     633    1160     633
             1159     633    1159     634     561     633
             1159

          name rewind
             2354     633     561     633     562     630
              565     633     562     633    1159     633
              562     633     561     633     562     633
             1159     633     562     633    1159     634
             1159     633    1159     633     562     633
             1159

          name ff
             2352     633    1159     633     562     632
              562     633     562     633    1159     633
              561     633     562     634     561     633
             1159     633     564     633    1159     633
             1159     634    1158     633     562     632
             1160

          name stop
             2352     634    1159     633    1159     632
             1162     633    1159     633     561     633
              562     633     561     633     562     633
             1159     633     562     633    1159     634
             1158     633    1159     634     561     633
             1159

          name play
             2352     633     561     633     562     633
              564     633    1158     633    1159     635
              561     633     562     633     561     637
             1156     633     561     633    1160     633
             1158     633    1159     634     562     633
             1158

      end raw_codes

end remote
