#
# this config file was automatically generated
# using lirc-0.7.0pre1(any) on Thu Oct 28 22:56:04 2004
#
# contributed by 
#
# brand:                       SONY
# model no. of remote control: VTR RMT-V181A
# devices being controlled by this remote:
#
# Warning: signals are recorded wit IrDA receiver.i
# This config file won't work with most other devices.

begin remote

  name   Sony_VTR_RMT-V181A
  flags CONST_LENGTH|RAW_CODES
  eps            30
  aeps          100

  ptrail          0
  repeat     0     0
  gap    44994

      begin raw_codes

          name eject
               39     938      39     934      39    1009
               39    1165      39     930      39     794
              185     936      39     689      39     206
               39     934      39     936      39     690
               39     207      39     939      39    1163
               39     930      39     795     181     935
               39     690      39     208      39     935
               39     938      39     689      39     207
               39

          name tv_power
               39     934      39     935      39    1012
               39     934      39     794     186    1007
               39     939      39     793     181    1012
               39     935      39     794     179    1010
               39    1161      39     939      39     793
              181    1012      39    1157      39    1165
               39

          name tv_tv/vtr
               39     934      39     941      39    1009
               39     936      39     794     181    1009
               39     937      39     794     180    1010
               39    1163      39     936      39     794
              180    1012      39     936      39     794
              180    1012      39    1156      39    1165
               39

          name tv_menu
               39     929      39     940      39    1011
               39    1163      39    1160      39    1158
               39    1164      39    1159      39     934
               39     796     179     935      39     689
               39     207      39    1462      39    1163
               39    1160      39    1162      39

          name timer-clear
               39     938      39     937      39    1009
               39     935      39     795     181     935
               39     690      39     206      39     940
               39    1081      39    1163      39     937
               39     793     181     935      39     690
               39     206      39    1462      39     938
               39     792     181    1009      39     937
               39     793     181

          name tv_cur-right
               39     934      39     936      39    1011
               39     936      39     793     181     940
               39     689      39     206      39     935
               39    1088      39     935      39     794
              180     936      39     690      39     204
               39     936      39     941      39     689
               39     207      39     935      39    1158
               39    1164      39

          name tv_cur-left
               39     934      39     936      39    1011
               39    1162      39    1159      39     936
               39     794     181    1011      39     935
               39     794     180     935      39     690
               39     211      39     935      39     935
               39     690      39     206      39     940
               39    1156      39    1166      39

          name tv_cur-up
               39     938      39     935      39    1012
               39    1161      39    1161      39     936
               39     793     181    1011      39     936
               39     793     181     935      39     690
               39     209      39    1460      39     935
               39     794     181    1012      39    1162
               39    1159      39

          name tv_cur-down
               39     937      39     935      39    1012
               39     934      39     796     179    1011
               39     935      39     796     179    1011
               39     935      39     796     183     934
               39     690      39     207      39    1459
               39     940      39     794     180    1012
               39    1157      39    1160      39

          name quick-timer
               39     931      39     935      39    1015
               39    1159      39     935      39     794
              181    1014      39    1159      39     935
               39     794     180    1011      39     936
               39     795     180     934      39     690
               39     206      39    1464      39    1163
               39     930      39     796     183

          name tv_execute
               39     934      39     937      39    1009
               39     936      39     795     181    1009
               39     935      39     796     181    1010
               39    1164      39     934      39     794
              180     935      39     692      39     205
               39    1462      39    1160      39    1162
               39    1159      39

          name tv_audio-monitor
               39     935      39     937      39    1009
               39     935      39     796     178     935
               39     690      39     211      39    1459
               39    1161      39     939      39     794
              180    1009      39    1160      39     935
               39     796     183    1007      39    1162
               39    1160      39

          name counter-reset
               39     932      39     935      39    1014
               39    1160      39     935      39     794
              181     935      39     689      39     207
               39     939      39    1087      39    1159
               39     934      39     797     178     935
               39     689      39     207      39    1465
               39    1161      39     933      39     793
              181

          name tv_button-1
               39     935      39     935      39    1011
               39    1158      39    1165      39    1158
               39    1164      39    1158      39    1160
               39    1163      39     935      39     794
              181    1009      39    1161      39    1163
               39

          name tv_button-2
               39     933      39     935      39    1011
               39     936      39     794     186    1007
               39    1161      39    1160      39    1162
               39    1161      39    1163      39     935
               39     794     178    1013      39    1160
               39    1163      39

          name tv_button-3
               39     935      39     935      39    1012
               39    1162      39     930      39     796
              179    1015      39    1161      39    1163
               39    1156      39    1165      39     931
               39     793     181    1016      39    1158
               39    1164      39

          name tv_button-4
               39     934      39     938      39    1009
               39     939      39     793     181     935
               39     690      39     206      39     935
               39    1088      39    1160      39    1162
               39    1158      39     937      39     795
              182    1012      39    1159      39    1159
               39

          name tv_button-5
               39     935      39     935      39    1011
               39    1163      39    1159      39     935
               39     793     181    1012      39    1162
               39    1160      39    1162      39     935
               39     796     179    1011      39    1161
               39    1162      39

          name tv_button-6
               39     929      39     940      39    1011
               39     937      39     793     181    1012
               39     934      39     793     181    1016
               39    1158      39    1160      39    1162
               39     933      39     794     183    1011
               39    1161      39    1161      39

          name tv_button-7
               39     934      39     935      39    1012
               39    1165      39     935      39     793
              180     936      39     689      39     206
               39     940      39    1082      39    1165
               39    1157      39     935      39     795
              181    1009      39    1165      39    1158
               39

          name tv_button-8
               39     933      39     940      39    1007
               39     939      39     794     180     936
               39     689      39     206      39    1461
               39    1162      39    1160      39    1162
               39    1161      39     934      39     793
              185    1007      39    1163      39    1160
               39

          name tv_button-9
               39     934      39     935      39    1011
               39    1163      39    1159      39    1161
               39     935      39     793     181    1013
               39    1161      39    1162      39     933
               39     794     180    1015      39    1158
               39    1163      39

          name tv_button-0
               39     934      39     935      39    1012
               39     935      39     793     180    1012
               39    1162      39     935      39     796
              178    1013      39    1160      39    1162
               39     936      39     792     181    1012
               39    1161      39    1161      39

          name tv_enter
               39     935      39     935      39    1011
               39     936      39     795     179     934
               39     689      39     211      39     936
               39     935      39     691      39     206
               39     935      39    1165      39    1159
               39     932      39     797     178    1012
               39    1164      39    1158      39

          name vol+
               39     931      39     936      39    1014
               39    1165      39     930      39     793
              181    1017      39    1157      39     935
               39     796     178    1011      39    1164
               39     931      39     794     180    1017
               39    1158      39    1164      39

          name vol-
               39     935      39     934      39    1011
               39     935      39     794     180     941
               39     689      39     207      39     934
               39    1089      39     935      39     793
              179    1011      39    1161      39     935
               39     792     185    1007      39    1163
               39    1160      39

          name tv_ch+
               39     935      39     935      39    1011
               39    1163      39    1160      39    1161
               39    1161      39     933      39     795
              180    1011      39    1164      39     935
               39     793     181    1012      39    1158
               39    1164      39

          name tv_ch-
               39     934      39     935      39    1012
               39     935      39     793     181    1013
               39    1161      39    1162      39     933
               39     793     181    1014      39    1160
               39     934      39     794     180    1013
               39    1161      39    1162      39

          name frame-left
               39     935      39     935      39    1012
               39    1158      39    1163      39    1160
               39    1162      39     936      39     796
              179     935      39     691      39     206
               39     935      39     938      39     690
               39     206      39    1536      39    1160
               39     936      39     796     180

          name frame-right
               39     939      39     935      39    1010
               39     936      39     794     180    1012
               39    1158      39    1164      39     936
               39     793     181     935      39     689
               39     209      39     937      39     935
               39     691      39     205      39    1533
               39    1165      39     935      39     793
              181

          name slow
               39     934      39     935      39    1013
               39     933      39     794     180     941
               39     689      39     206      39     934
               39    1087      39    1162      39     933
               39     794     180    1015      39     936
               39     793     181     935      39     690
               39     207      39     935      39     935
               39     689      39     211      39

          name search-left
               39     935      39     935      39    1011
               39    1164      39    1158      39    1158
               39     935      39     796     181    1009
               39     939      39     793     180    1013
               39     936      39     793     181     935
               39     690      39     206      39     940
               39     934      39     690      39     206
               39

          name search-right
               39     939      39     934      39    1012
               39     935      39     793     181    1013
               39    1157      39     940      39     792
              181    1012      39     935      39     793
              181    1012      39     935      39     793
              181     936      39     689      39     209
               39     937      39     935      39     690
               39     206      39

          name tape-speed
               39     937      39     935      39    1014
               39    1159      39    1158      39    1165
               39     931      39     793     185     935
               39     690      39     206      39     935
               39     935      39     690      39     213
               39     933      39     587      39     309
               39    1386      39    1159      39     937
               39     794     181

          name tv_display
               39     933      39     935      39    1011
               39    1163      39     936      39     793
              181    1012      39     934      39     793
              181     939      39     691      39     205
               39    1461      39    1160      39     938
               39     794     178    1012      39    1161
               39    1162      39

          name rec
               39     934      39     936      39    1011
               39     936      39     793     185    1010
               39     936      39     794     181     935
               39     690      39     206      39    1464
               39    1157      39    1160      39     940
               39     794     180     935      39     691
               39     206      39     935      39     939
               39     690      39     206      39

          name pause
               39     930      39     935      39    1016
               39     935      39     794     181    1011
               39    1161      39     932      39     796
              178     940      39     690      39     206
               39     934      39    1089      39     935
               39     793     181     935      39     689
               39     207      39     935      39     940
               39     690      39     206      39

          name rew
               39     933      39     935      39    1011
               39     934      39     796     180     936
               39     690      39     207      39     937
               39     935      39     691      39     206
               39    1534      39    1164      39    1158
               39     935      39     795     178     941
               39     690      39     206      39     935
               39     935      39     693      39     203
               39

          name ff
               39     934      39     936      39    1008
               39    1160      39    1163      39     936
               39     795     181     935      39     689
               39     206      39    1462      39    1160
               39    1162      39     935      39     796
              178     938      39     690      39     206
               39     935      39     938      39     692
               39     204      39

          name play
               39     939      39     935      39    1011
               39    1161      39     935      39     793
              181    1011      39     937      39     795
              179     937      39     691      39     206
               39     935      39    1087      39     934
               39     795     179     935      39     692
               39     208      39     936      39     935
               39     689      39     207      39

          name stop
               39     932      39     936      39    1012
               39    1159      39    1163      39    1160
               39     935      39     793     185     936
               39     690      39     206      39     936
               39    1087      39     932      39     796
              181     935      39     690      39     206
               39     940      39     935      39     690
               39     206      39
	  
	   name vtr_power
               39     934      39     935      39    1011
               39     936      39     794     181    1011
               39     935      39     793     181    1014
               39     932      39     794     180    1015
               39    1158      39     937      39     793
              181     935      39     690      39     207
               39     939      39     936      39     689
               39     206      39
	       
	    name vtr_tv/vtr
               39     934      39     935      39    1011
               39    1165      39     933      39     795
              179    1013      39     934      39     795
              178    1012      39     935      39     796
              183    1007      39     940      39     793
              181     934      39     691      39     205
               39     935      39     941      39     690
               39     206      39
	       
	    name vtr_menu
               39     933      39     944      39    1002
               39     936      39     795     179    1012
               39     936      39     792     186     935
               39     689      39     207      39     936
               39    1088      39     935      39     792
              180     936      39     689      39     207
               39    1464      39    1169      39     924
               39     793     186
	       
	    name vtr_cur-left
               39     934      39     937      39    1010
               39    1161      39     940      39     792
              181    1010      39    1160      39    1159
               39     940      39     794     180     935
               39     691      39     205      39    1461
               39     938      39     793     181    1010
               39     935      39     795     178

          name vtr_cur-right
               39     936      39     938      39    1009
               39     935      39     796     181    1009
               39    1159      39    1163      39    1160
               39     940      39     793     181     935
               39     690      39     206      39    1459
               39     940      39     793     181    1010
               39     935      39     794     181

          name vtr_cur-up
               39     932      39     940      39    1010
               39    1159      39     935      39     796
              178    1018      39    1157      39    1164
               39    1158      39     935      39     801
              175     936      39     690      39     204
               39    1463      39    1160      39     935
               39     793     182

          name vtr_cur-down
               39     938      39     941      39    1003
               39     938      39     793     184     934
               39     690      39     206      39     935
               39    1088      39    1160      39    1162
               39     935      39     793     181     934
               39     692      39     207      39    1462
               39    1161      39     936      39     792
              183
	   
	   name vtr_execute
               39     935      39     935      39    1015
               39     933      39     793     185    1009
               39    1160      39    1162      39     937
               39     794     180    1010      39     938
               39     792     178     936      39     690
               39     209      39    1461      39    1165
               39     931      39     793     184
	       
	    name vtr_audio-monitor
               39     938      39     936      39    1012
               39     935      39     792     181     935
               39     691      39     205      39    1471
               39    1153      39     936      39     793
              182    1008      39    1165      39     937
               39     791     181     940      39     690
               39     206      39     934      39     935
               39     690      39     207      39
	       
	    name vtr_button-1
               39     933      39     940      39    1007
               39    1164      39    1158      39    1164
               39    1159      39    1160      39    1162
               39    1161      39     938      39     794
              181     934      39     691      39     205
               39     936      39     936      39     690
               39     208      39

          name vtr_button-2
               39     934      39     935      39    1012
               39     935      39     794     180    1013
               39    1161      39    1160      39    1163
               39    1161      39    1160      39     931
               39     796     183     935      39     689
               39     207      39     935      39     935
               39     690      39     205      39

          name vtr_button-3
               39     934      39     937      39    1010
               39    1159      39     940      39     794
              180    1011      39    1157      39    1166
               39    1158      39    1160      39     940
               39     793     180     935      39     690
               39     206      39     936      39     940
               39     698      39     197      39

          name vtr_button-4
               39     937      39     934      39    1010
               39     939      39     796     179     935
               39     691      39     207      39     933
               39    1087      39    1162      39    1160
               39    1162      39     935      39     792
              183     938      39     690      39     206
               39     936      39     935      39     692
               39     205      39

          name vtr_button-5
               39     934      39     935      39    1012
               39    1162      39    1159      39     936
               39     794     180    1012      39    1162
               39    1161      39    1161      39     933
               39     795     183     934      39     691
               39     209      39     933      39     935
               39     690      39     211      39

          name vtr_button-6
               39     934      39     935      39    1012
               39     936      39     793     185    1007
               39     938      39     794     181    1009
               39    1162      39    1162      39    1159
               39     936      39     794     180     939
               39     690      39     206      39     936
               39     935      39     689      39     207
               39

          name vtr_button-7
               39     937      39     935      39    1012
               39    1158      39     935      39     796
              184     934      39     689      39     206
               39     936      39    1089      39    1157
               39    1160      39     940      39     792
              181     935      39     691      39     205
               39     937      39     938      39     690
               39     206      39

          name vtr_button-8
               39     931      39     938      39    1012
               39     935      39     793     181     936
               39     690      39     205      39    1466
               39    1157      39    1164      39    1159
               39    1161      39     932      39     794
              183     937      39     690      39     206
               39     936      39     935      39     689
               39     206      39

          name vtr_button-9
               39     938      39     935      39    1012
               39    1158      39    1165      39    1159
               39     934      39     795     179    1011
               39    1165      39    1158      39     934
               39     796     183     935      39     690
               39     206      39     936      39     936
               39     688      39     207      39

          name vtr_button-0
               39     934      39     935      39    1011
               39     935      39     794     180    1012
               39    1162      39     935      39     793
              181    1013      39    1156      39    1165
               39     935      39     794     181     935
               39     690      39     211      39     934
               39     935      39     689      39     207
               39
	    
	    name vtr_enter
               39     935      39     935      39    1008
               39     937      39     794     183     935
               39     690      39     209      39     933
               39     934      39     692      39     232
               39     909      39    1163      39    1161
               39     937      39     795     181     934
               39     691      39     206      39     935
               39     935      39     690      39     209
               39
	       
	     name vtr_ch+
               39     934      39     936      39    1011
               39    1163      39    1158      39    1161
               39    1163      39     944      39     784
              180    1011      39    1164      39     935
               39     796     178     935      39     690
               39     207      39     939      39     934
               39     690      39     206      39

          name vtr_ch-
               39     939      39     935      39    1007
               39     937      39     796     181    1009
               39    1160      39    1161      39     935
               39     797     178    1012      39    1160
               39     940      39     793     181     935
               39     690      39     205      39     935
               39     936      39     690      39     211
               39

	      name vtr_display
               39     934      39     936      39    1011
               39    1162      39     931      39     795
              183    1012      39     935      39     794
              180     936      39     689      39     207
               39     935      39     939      39     689
               39     207      39     935      39     587
               39     309      39    1388      39    1161
               39     933      39     794     185

      end raw_codes

end remote
