#
# this config file was automatically generated
# using lirc-0.6.5(any) on Sat Mar 15 16:15:28 2003
#
# contributed by 
#
# brand:                       Sony
# model no. of remote control: RMT-V245A 
# devices being controlled by this remote: Sony SLV-EZ7 6 Head Stereo Video Cassette Player
#

begin remote

  name   sony
  flags CONST_LENGTH|RAW_CODES
  eps            30
  aeps          100

  ptrail          0
  repeat     0     0
  gap    44858

      begin raw_codes

          name power
             2580     396    1393     403     776     420
             1384     412     776     420    1359     436
              753     443     751     446    1347     448
             1343     452     753     443    1346     450
              736

          name eject
             2587     392     781     415    1375     420
             1361     435     755     441    1346     449
              746     448     748     451    1327     468
             1324     472     719     477    1318     477
              721

          name monitor
             2624     374    1403     414    1370     421
             1378     418     755     441    1351     445
              747     449     747     449    1342     453
             1341     455     745     451    1340     456
              736

          name counter_reset
             2564     418     790     408    1368     427
             1354     444     747     447     749     448
              750     446    1345     451    1327     467
             1338     457     730     467    1337     458
              727

          name display
             2605     407     785     411    1376     419
              759     438    1351     442    1344     453
              748     449    1338     457    1326     469
             1319     477     719     477    1323     473
              719

          name synchro_play
             2589     375     794     418     798     398
              775     422    1373     422    1352     443
             1346     450     746     450    1340     456
              733     464     732     463     734     463
              725

          name wide
             2574     409    1377     419     780     418
             1376     418    1369     426    1345     450
             1344     451     738     458     740     458
              742     454    1328     467     728     469
              735     460    1327     469     722     474
             1316

          name tv/video
             2612     382     808     409    1373     422
              770     426    1373     422     769     428
             1347     448     753     444    1350     445
             1348     449     745     449    1347     449
              744

          name clear
             2584     377    1397     419    1388     403
              779     421     767     430     772     424
             1361     435    1348     447    1344     451
             1347     449     743     452    1343     452
              732

          name g-code
             2609     407     778     419     780     416
              780     417     760     437     762     438
             1344     448    1347     448     753     444
             1341     454     742     455    1320     471
             1325     474    1318     476     719     478
             1317

          name 1
             2629     390     814     380     778     420
              774     422     776     421     763     434
              763     434     755     441    1359     437
             1348     446     748     449    1342     453
              743

          name 2
             2574     388    1394     420     767     430
              751     446     755     441     758     439
              759     435     758     441    1348     447
             1329     466     739     458    1322     473
              722

          name 3
             2601     414     789     408    1370     426
              752     444     756     440     754     443
              748     449     738     458    1353     443
             1343     452     735     461    1328     467
              728

          name 4
             2601     414    1379     416    1376     420
              754     442     748     449     749     448
              751     445     750     447    1341     454
             1335     461     725     471    1319     476
              724

          name 5
             2617     379     797     419     782     414
             1381     415     757     440     753     444
              753     443     749     448    1355     440
             1342     453     737     460    1336     460
              734

          name 6
             2629     386    1382     413     772     425
             1375     420     764     433     752     444
              755     443     748     447    1346     449
             1344     451     734     463    1343     452
              722

          name 7
             2618     399     788     411    1371     422
             1375     420     770     426     772     425
              753     444     756     441    1344     451
             1344     451     745     452    1327     467
              727

          name 8
             2610     386    1407     387    1394     420
             1358     438     750     446     765     432
              749     448     748     450    1344     450
             1349     445     735     462    1340     455
              723

          name 9
             2630     387     789     406     800     397
              786     410    1362     434     762     435
              759     438     771     425    1348     447
             1345     450     744     453    1341     454
              729

          name 0
             2571     384    1415     400     776     421
              765     432    1371     424     749     448
              756     441     753     444    1346     448
             1343     452     745     452    1333     462
              727

          name -/--
             2574     407     804     390    1386     410
              792     405    1370     425     773     424
              760     436     759     438    1350     445
             1344     452     741     455    1329     466
              733

          name set
             2598     416    1385     410     772     425
              775     422     763     431     753     446
             1350     445    1341     455     742     454
             1344     452     743     453    1324     472
             1323     471    1317     478     718     479
             1316

          name record
             2576     403    1377     418     782     415
             1380     415    1361     434    1346     452
              745     449     746     450    1346     450
             1340     456     732     464    1340     455
              728

          name easy_timer
             2552     422     794     403     781     416
              771     425     792     405     771     426
             1357     438    1350     445    1361     434
             1346     450     744     452    1342     453
              742

          name quick_timer
             2564     411     785     412    1378     418
              758     439     773     423    1355     441
              757     439    1346     450    1344     451
             1340     454     735     462    1329     466
              724

          name sp/lp
             2627     370     802     412     776     421
              778     419    1364     432    1371     425
              750     445    1352     443    1345     450
             1344     452     752     444    1337     457
              741

          name vol+
             2628     366     808     408    1391     404
              766     432     765     431    1369     426
              767     430     749     448    1346     449
              747     450     744     454     743     452
              748

          name vol-
             2566     410    1386     409    1392     403
              780     417     763     434    1364     431
              754     443     757     439    1345     451
              747     449     745     452     746     452
              744

          name prog+
             2611     403     804     393     793     404
              801     396     778     418    1363     433
              775     421     759     438    1352     443
             1347     448     751     446    1344     465
              728

          name prog-
             2563     415    1374     423     785     410
              782     414     777     421    1369     426
              752     445     747     449    1345     451
             1341     454     745     452    1343     451
              732

          name input_select
             2582     395    1404     392    1373     421
             1377     419    1358     437     758     439
              763     433    1349     447    1345     450
             1346     449     744     453    1341     454
              743

          name x2
             2603     412     812     385     783     413
             1376     420     769     428    1360     435
              764     434     747     448    1347     449
             1343     452     745     451    1332     463
              739

          name index-
             2560     414    1374     421    1376     419
             1352     440     758     442    1347     449
              748     448    1346     450    1344     451
             1343     451     741     457    1331     463
              733

          name index+
             2584     390     793     405    1373     422
             1380     415     757     440    1361     434
              767     430    1357     439    1336     458
             1330     465     744     453    1335     460
              724

          name menu
             2560     416    1378     418     767     430
             1354     442    1345     449     748     449
              742     456    1339     455    1321     474
             1328     467     727     470    1322     473
              720

          name slow
             2559     418    1394     401    1377     419
              751     445     771     428     767     428
             1347     448     749     449    1343     451
             1343     452     742     455    1321     474
              727

          name pause/up
             2585     391     796     400    1379     417
             1365     431    1355     441     771     425
              747     450     752     445     752     444
             1344     451     748     449    1340     455
             1327     468    1349     448     727     468
             1320

          name left/rewind
             2560     397     808     390     798     418
              754     442     756     441    1352     441
              750     449     757     440     747     450
             1336     459     730     467    1336     459
             1325     472    1320     473     719     478
             1317

          name right/fast_forward
             2590     371    1384     427     774     422
              776     421     779     418    1354     443
              759     437     767     430     751     445
             1347     449     746     450    1343     452
             1336     460    1326     469     732     464
             1318

          name play/ok
             2570     389     813     402     783     414
              783     415    1375     420    1359     437
              749     447     748     449     746     451
             1340     455     741     455    1343     453
             1338     458    1332     462     719     478
             1316

          name stop/down
             2576     401    1379     416    1379     417
             1369     426    1348     448     751     445
              754     443     747     450     752     445
             1341     454     746     450    1336     461
             1320     474    1318     477     724     472
             1321

          name tv_on
             2581     377    1402     415     776     421
             1385     410     775     422    1358     437
              770     427     762     435    1344     451
              750     447     756     440     745     452
              747

          name tv_display
             2586     394     795     402    1380     415
              778     419    1366     430    1368     427
             1349     446     750     446    1350     446
              754     443     745     452     752     445
              745

          name tv_audio
             2624     391    1382     411    1377     421
             1370     425     756     441    1375     420
              749     448     753     444    1353     443
              748     448     746     451     745     450
              746

          name tv_wide
             2591     372    1421     394     784     413
             1379     417    1376     419    1350     445
             1348     448     753     443     751     446
              748     449    1346     449     744     453
              746     451    1339     457     736     460
             1321

          name tv_tv/video
             2577     399    1391     405     770     426
             1378     418     765     432     773     423
             1349     447     748     449    1344     451
              745     452     737     460     740     456
              740

          name tv_1
             2621     379     824     389     785     412
              775     422     772     425     771     425
              763     434     750     447    1354     439
              750     449     746     451     747     449
              746

          name tv_2
             2638     377    1389     406     777     420
              774     423     773     424     754     442
              760     437     771     426    1362     433
              747     450     747     450     746     450
              745

          name tv_3
             2617     399     807     390    1390     406
              793     403     778     419     774     423
              774     423     755     442    1354     441
              750     447     750     445     751     447
              749

          name tv_4
             2586     396    1378     417    1391     404
              766     432     765     431     770     428
              750     446     757     439    1350     446
              745     452     746     448     748     451
              744

          name tv_5
             2630     387     783     412     786     411
             1370     426     754     443     774     422
              773     424     764     434    1351     444
              745     452     756     440     746     450
              748

          name tv_6
             2618     382    1395     417     801     396
             1374     421     775     424     767     428
              751     446     766     430    1361     435
              752     444     748     449     747     450
              742

          name tv_7
             2598     362     801     413    1385     410
             1356     440     764     433     759     438
              761     436     765     431    1355     440
              748     449     747     450     747     450
              747

          name tv_8
             2621     395    1387     409    1373     424
             1362     432     761     436     757     440
              747     449     749     448    1345     450
              748     447     748     451     743     454
              728

          name tv_9
             2587     371     811     405     787     410
              775     422    1369     426     773     424
              753     444     758     439    1349     447
              749     447     747     449     755     442
              747

          name tv_0
             2618     385    1390     418     781     415
              781     416    1354     442     758     438
              767     432     746     449    1346     450
              746     450     745     451     747     450
              746

          name tv_-/--
             2571     388    1410     404     780     418
             1387     407    1351     444    1360     436
              751     445     749     448    1342     454
              745     451     745     452     745     452
              743

          name tv_prog+
             2631     387     798     399     788     409
              797     399     794     403    1374     424
              774     421     773     423    1369     426
              754     443     757     440     748     448
              749

          name tv_prog-
             2574     409    1378     413     782     416
              774     423     774     422    1367     429
              770     427     758     438    1354     442
              746     450     748     449     755     442
              745

          name tv_menu
             2593     385     806     391     800     399
              789     407     785     412     773     423
             1364     432    1352     443    1351     444
              747     451     746     450     746     451
              745

      end raw_codes

end remote
