#
# this config file was automatically generated
# using lirc-0.6.6(any) on Tue Feb 17 14:42:02 2004
#
# contributed by Velko Lazarov <velkothebest|yahoo.com>
#
# brand:                       Sony
# model no. of remote control: RMT-814
# devices being controlled by this remote: Digital Video Camera Recorder DCR-TRV22 NTSC
#

begin remote

  name   RMT-814
  flags CONST_LENGTH|RAW_CODES
  eps            30
  aeps          100

  ptrail          0
  repeat     0     0
  gap    44944

      begin raw_codes

          name START/STOP
             2493     506    1282     511     693     503
              683     513    1282     520    1291     511
              696     500     685     511    1283     521
              690     514     685     512    1280     512
             1283     519    1283     520     683     513
             1291

          name PHOTO
             2479     519    1283     518     676     512
             1282     520     685     520    1283     519
              675     513     685     511    1282     529
              687     510     684     512    1284     518
             1281     521    1282     519     676     512
             1283

          name DISPLAY
             2480     508     687     510    1283     519
              685     520    1275     519    1283     519
              685     520    1283     519    1284     514
             1279     518    1284     519     684     521
              685

          name ZERO_SET_MEMORY
             2479     519    1294     509    1282     511
             1283     519     684     512     690     506
              694     511    1298     505    1273     520
             1283     519    1282     529     687     505
              680

          name SEARCH_MODE
             2484     514    1286     518     688     509
             1284     518    1285     526     684     501
             1289     514     685     511    1285     517
              685     520     686     511    1284     518
             1285     508    1283     518     686     511
             1283

          name DATA_CODE
             2470     519     684     512     685     511
             1286     516    1284     519     685     511
              685     511    1289     513    1283     520
              684     512     685     511    1293     509
             1283     520    1282     519     684     522
             1273

          name ZOOM_OUT
             2470     519    1283     519    1283     529
              675     511    1284     519    1283     519
              694     512     684     527    1268     518
              686     527     666     505    1283     519
             1283     519     694     512    1284     518
             1282

          name ZOOM_IN
             2481     519     681     515    1274     518
              686     511    1283     528    1284     518
              686     510     685     512    1274     519
              684     512     685     511    1288     524
             1274     518     686     511    1283     519
             1292

          name SEARCH_NEXT
             2479     519     684     503    1283     519
             1283     519     685     512    1293     518
              685     512    1283     518    1284     519
             1283     517    1285     510     685     511
              684

          name SEARCH_PREV
             2479     520    1283     510    1282     520
             1283     520     683     522    1282     521
              683     512    1282     522    1280     522
             1281     520    1284     511     682     512
              684

          name REW
             2502     498    1276     526    1280     513
              686     510    1281     521    1281     521
              683     523     673     514    1281     521
             1281     530    1272     525     689     512
              684

          name PLAY
             2489     518     676     511    1284     519
              685     511    1293     518    1275     518
              686     511     685     521    1249     543
             1283     519    1295     517     685     511
              686

          name FF
             2483     517     686     503     694     510
             1284     520    1282     519    1285     518
              676     512     684     511    1283     522
             1280     528    1274     520     684     511
              686

          name STOP
             2479     520     685     512     692     504
              684     512    1282     520    1282     528
              677     512     683     513    1282     520
             1292     521    1272     519     685     514
              682

          name PLAYBACK_REVERSE
             2476     519     694     501     694     504
              683     512     685     511    1283     519
             1292     511     684     512    1282     520
             1291     521    1282     519     684     513
              674

          name PLAYBACK_FWD
	    2481     518    1294     518     685     511
	    685      501     662     535    1283     519
	    1293     519     685     510    1285     509
	    1283     518    1285     518     685     511
	    694

          name PAUSE
             2479     521    1282     520     683     512
              684     503    1283     520    1281     521
              683     522     684     503    1282     520
             1282     521    1290     521     684     512
              684

          name PLAYBACK_SLOW
             2477     512    1281     520    1282     520
              693     514     683     513     682     510
             1285     520     683     513    1272     532
             1273     528    1282     519     675     513
              683

          name PLAYBACK_DOUBLE_SPEED
             2469     528     685     511     676     511
             1283     520     684     512    1292     519
              675     512     685     512    1282     520
             1291     520    1273     520     684     512
              684

      end raw_codes

end remote
