#
# this config file was automatically generated
# using lirc-0.8.0(userspace) on Mon Apr 30 14:47:03 2007
#
# contributed by 
#
# brand: Freedomland
# model no. of remote control: SWP-2438WJ1F
# devices being controlled by this remote:
#

begin remote

  name   Freedomland_SWP-2438WJ1F
  flags RAW_CODES|NO_HEAD_REP|CONST_LENGTH
  eps            20
  aeps          100

  ptrail          0
  repeat     0     0
  gap    99739

      begin raw_codes

          name 1
             2388     722     863     694    1638     669
              833     721    1613    3023     833     718
             1620

          name 2
             2392     719     863     692    1641     668
              833     717     863    3772     863     694
              835

          name 3
             2388     722     865     687    1642     669
              833     717     838    1493    1614    2248
             1617

          name 4
             2389     724     861     692    1640     671
              829     718    1638    1447    3946

          name 5
             2389     722     840     715    1640     668
              834     717    1624     708     838     691
              866     686    2392

          name 6
             2389     724     860     690    1624     690
              830     717     863    4547    1619

          name 7
             2391     719     848     706    1641     669
              833     717     839     718    1613     694
             1618     713    1616

          name 8
             2389     722     838     718    1641     671
              830     719     837     716     840    1464
             1635     698     863

          name 9
             2388     722     844     710    1641     668
              835     715     864     691    2393     691
              842     711    1617

          name 0
             2394     720     862     692    1641     669
              833     717     859    1473    1612     694
              838     717     838

          name MUTE
             2391     720     839     715    1643     666
              833     716     863    2220     833     722
              838     718    1625

          name VOLUME+
             2393     718     837     718    1613     694
              834     719    1616     715     838     693
              863    1469     862

          name VOLUME-
             2390     719     863     692    1643     666
              833     716    3921    2271    1618

          name POWER
             2390     723     864     691    1643     666
              833     720     860    1472    2387    1469
              863

          name RED
             2419     690     840     715    1626     706
              835     694     865     690    1629    1460
              854     691     838

          name BLUE
             2415     694     847     708    1614     718
              835     692    4702    1490     838

          name GREEN
             2419     690     863     691    1618     716
              834     692    1616     717    3145     715
              836

          name YELLOW
             2418     692     864     692    1620     712
              834     694    1617     717     835    1471
              841     712     845

          name MENU
             2414     694     851     705    1640     691
              834     696     861    3000    1638     692
             1616

          name UP
             2391     720     840     717    1627     703
              808     719     838    1492     837     692
             1627     705     835

          name DOWN
             2399     711     861     693    1615     717
              809     718    3923     717     838     714
              834

          name INFO
             2419     694     861     694    1619     710
              836     696     833    1494     861    1449
             2388

          name LEFT
             2387     720     865     689    1641     671
              836     714    3170     692    1612     717
              838

          name RIGHT
             2391     722     861     694    1613     716
              812     718    3168    1470     838     716
             1614

          name CHANNEL+
             2392     722     861     694    1638     671
              830     722    5473     719    1613

          name CHANNEL-
             2391     720     837     716    1641     692
              810     718     863     692    3923     718
              835

          name OK
             2432     712     858     693    1591     739
              813     743    3146     700    3937

          name BACK
             2416     691     865     689    1644     689
              836     694    3947     692    3170

      end raw_codes

end remote
