#
# this config file was automatically generated
# using lirc-0.6.6(any) on Tue Feb 10 19:49:38 2004
#
# contributed by 
#
# brand:                       Salora
# model no. of remote control: RC-8800
# devices being controlled by this remote: VCR
#

begin remote

  name  VCR
  bits            8
  flags SPACE_ENC|CONST_LENGTH
  eps            30
  aeps          100

  one           299  2148
  zero          299   926
  ptrail        297
  pre_data_bits   8
  pre_data       0xEA
  gap          53840
  min_repeat      5
  toggle_bit      0


      begin codes
          power                    0x0000000000000040
          eject                    0x000000000000006C
          prog_rec                 0x00000000000000F8
          1                        0x0000000000000000
          2                        0x0000000000000010
          3                        0x0000000000000008
          4                        0x0000000000000018
          5                        0x0000000000000004
          6                        0x0000000000000014
          7                        0x000000000000000C
          8                        0x000000000000001C
          9                        0x0000000000000080
          0                        0x0000000000000090
          prog_mbr-up              0x0000000000000050
          prog_mbr-down            0x0000000000000048
          back                     0x00000000000000D4
          select                   0x00000000000000CC
          input_select             0x000000000000005C
          rec                      0x0000000000000030
          pause                    0x0000000000000038
          stop                     0x0000000000000028
          fast_play                0x00000000000000A4
          play                     0x0000000000000020
          rew                      0x0000000000000034
          ff                       0x0000000000000024
          repeat                   0x00000000000000E8
          rewind_play              0x000000000000009C
          skip_search              0x00000000000000BC
          -                        0x0000000000000068
          +                        0x0000000000000070
          slow                     0x000000000000002C
          reset                    0x00000000000000A8
          zero_stop                0x00000000000000B0
          set                      0x00000000000000B8
          search                   0x0000000000000074
          index_enter              0x00000000000000F0
          data                     0x00000000000000E4
          prog_list                0x00000000000000D8
      end codes

end remote

# RC-8800-LearningArea

begin remote

  name   RC-8800-LearningArea
  flags RAW_CODES
  eps            30
  aeps          100

  ptrail          0
  repeat     0     0
  gap    96288

      begin raw_codes

          name 1
             8378    4259     499    1615     500     579
              464     595     458     601     458     601
              454     605     454    1641     498    1616
              500     579     466     592     460    1634
              500     580     464     594     460     600
              453    1641     500     579     466    1628
              514     565     466     593     461     599
              457    1655     482     579     465    1629
              501    1625     490     579     465    1629
              500    1616     500    1615     499     579
              466    1628     500     579     465     594
              504   40008    8380    4259     498    1619
              496     579     466     593     461     598
              454     605     454     605     454    1641
              499    1616     499     579     466     594
              459    1637     499     578     467     593
              458     601     454    1640     500     579
              465    1628     501     580     464     594
              461     599     454    1642     498     580
              465    1629     500    1614     500     579
              466    1629     499    1616     500    1614
              500     579     466    1629     500     579
              465     595     503   40027    8361    4266
              555

          name 2
             8382    4258     499    1616     499     579
              466     596     458     598     461     598
              453     606     453    1642     499    1616
              499     578     467     593     460    1637
              497     579     465     594     459     600
              455    1639     500     579     466    1630
              499     579     466     593     458     601
              457    1637     501    1619     496    1613
              501    1615     500     579     467    1628
              499    1617     498    1616     499     579
              465     596     457     601     453     605
              503   40017    8370    4259     501    1614
              500     579     467     593     460     598
              454     619     440     605     454    1645
              496    1613     501     579     466     594
              460    1634     512     567     466     593
              458     601     454    1648     492     579
              465    1633     497     580     467     591
              461     598     458    1635     501    1617
              498    1615     500    1618     497     579
              467    1627     500    1615     500    1616
              499     580     465     593     462     598
              459     599     503   40007    8380    4259
              553

          name 3
             8380    4257     500    1616     499     579
              465     594     458     601     454     604
              454     605     454    1641     499    1617
              498     579     465     594     456    1639
              500     579     464     595     454     605
              454    1639     500     579     466    1630
              499     578     470     590     458    1637
              500     579     466     618     435     598
              459     601     453     605     454    1641
              499    1616     499     580     466    1630
              499    1615     499    1616     499    1616
              524   40005    8383    4256     501    1615
              499     579     466     594     458     601
              454     605     454     604     454    1641
              499    1615     500     580     465     594
              457    1635     502     579     465     594
              457     602     454    1640     501     580
              465    1629     499     579     466     593
              459    1637     499     578     466     593
              461     598     454     606     454     604
              454    1643     497    1616     499     579
              467    1630     498    1616     499    1616
              499    1613     527   40007    8379    4259
              556

          name 4
             8381    4262     496    1615     499     579
              465     595     456     603     453     605
              453     606     454    1639     501    1615
              500     578     464     596     454    1641
              500     578     464     596     459     600
              454    1641     498     580     465    1630
              499     579     465     594     459     600
              458    1636     500     579     466    1629
              500     579     466     593     454    1641
              516    1597     501    1617     499     579
              465    1629     500     579     465    1631
              523   40007    8378    4261     499    1616
              500     579     466     594     456     603
              456     602     454     604     455    1648
              492    1615     500     579     465     593
              459    1637     499     579     466     593
              458     601     454    1642     498     579
              467    1629     499     579     465     594
              462     597     458    1635     501     580
              465    1630     499     579     465     594
              460    1634     500    1615     500    1615
              500     579     466    1630     499     578
              466    1630     524   40012    8376    4258
              560

          name 5
             8381    4259     497    1619     496     579
              465     595     460     599     453     605
              454     605     455    1641     498    1615
              500     579     464     595     459    1637
              498     580     466     593     458     601
              456    1638     500     580     466    1647
              480     580     465     594     457     602
              454     605     453    1642     498     580
              466     593     459     601     453    1640
              500    1614     501    1615     499    1616
              499     580     464    1630     500    1616
              524   40023    8364    4264     494    1616
              498     579     465     595     457     602
              454     605     454     605     453    1642
              499    1616     498     580     466     593
              460    1636     498     579     467     593
              458     600     455    1640     500     578
              467    1630     498     580     465     594
              457     604     454     602     454    1640
              501     579     464     595     459     600
              454    1641     499    1617     498    1615
              500    1623     491     580     467    1628
              499    1615     525   40007    8380    4258
              560

          name 6
             3642    8994     525     552     490     567
              477    1616     524     553     477     580
              477     579     478     580     477    1615
              521     557     477     579     478    1615
              518    1595     523    1589     524    1589
              522     555     481     576     478     579
              478     579     477     580     478    1615
              522     554     478     579     478     579
              478     580     477    1614     517    1596
              518    1597     521     555     477    1615
              523    1590     523    1589     519    1593
              543   39997    4614    8025     547

          name 7
             8380    4261     499    1615     499     580
              464     595     458     601     454     604
              454     605     454    1642     498    1617
              499     579     465     594     460    1635
              499     579     464     595     457     602
              454    1641     499     580     465    1630
              499     579     466     593     460     600
              457    1636     500     580     466     593
              460    1634     500     579     466    1628
              501    1616     498    1617     498     580
              465    1629     500    1616     501     581
             1073   39433    8361    4282     497    1615
              500     580     464     594     460     599
              457     601     455     605     453    1644
              496    1615     500     579     468     592
              460    1634     500     578     468     592
              460     599     457    1639     498     579
              468    1627     500     579     466     593
              459     600     458    1638     498     579
              467     592     459    1638     498     579
              467    1626     501    1614     500    1617
              499     578     469    1626     500    1616
              499     579     504   40006    8365    4277
              560

          name 8
              852     937    1695     973     836     936
              839     919     856     920     855     918
              856     938     838     918     855    1808
             1713     973     836    1807     856

          name 9
             8379    4260     500    1615     499     579
              465     594     458     601     454     605
              454     605     453    1640     501    1614
              500     579     466     594     459    1637
              497     583     461     596     453     605
              458    1637     500     579     464     595
              454    1640     500    1616     499    1615
              500     580     465    1628     500    1617
              498    1615     499    1617     498     580
              464     595     458     601     454    1643
              497     579     466     593     459     600
              504   40008    8361    4278     498    1616
              499     579     467     593     459     599
              454     606     453     606     454    1642
              498    1616     498     579     466     593
              460    1636     499     579     466     593
              459     600     454    1641     499     580
              466     593     457    1637     504    1612
              498    1617     498     579     466    1629
              500    1615     500    1634     480    1616
              499     580     466     593     458     600
              455    1659     481     578     499     561
              462     597     503   40009    8357    4285
              551

          name vol+
              853     919    1713     973     836     920
              856     937     859     896     857     920
              855     919     855    1806    1715     973
              835     921     854     920     855

          name vol-
             8381    4262     496    1616     499     579
              465     594     454     605     454     604
              454     606     453    1640     500    1616
              499     579     465     594     460    1637
              497     580     465     594     459     600
              454    1640     500     579     467     595
              457    1635     499    1617     498     614
              431     594     458     600     458    1637
              500    1618     496    1615     500     579
              466     594     456    1638     499    1615
              501    1634     480     582     462     594
              504   40008    8377    4263     498    1615
              500     581     463     607     441     605
              456     603     456     603     454    1642
              498    1615     500     579     465     596
              456    1637     499     579     465     594
              460     599     454    1641     499     580
              465     593     460    1635     500    1616
              499     579     465     594     459     601
              456    1639     499    1617     497    1613
              502     579     465     594     458    1639
              497    1617     498    1616     499     579
              466     593     504   40007    8380    4261
              570

          name off
              851     923     856     916    1714     971
              836     925     850     939     836     920
              856     918     856     938     837    1807
              856     929    1702     976     834

      end raw_codes

end remote

