#
# this config file was automatically generated
# using lirc-0.6.6(serial) on Fri Oct 31 18:33:55 2003
#
# contributed by Pedro Werneck <pedro.werneck bol.com.br>
#
# brand:                       CCE
# model no. of remote control: 
# devices being controlled by this remote: VCR 88X
#

begin remote

  name   VCR-CCE
  flags CONST_LENGTH|RAW_CODES
  eps            30
  aeps          100

  ptrail          0
  repeat     0     0
  gap    59685

      begin raw_codes

          name POWER
             8128    3875     607    1383     600     352
              626    1383     591     359     621    1389
              591     363     617     365     615     367
              615    3909     582    1394     587     367
              614    1397     584     369     616    1402
              578     372     610     375     609     366
              609

          name TV/VCR
             8123    3875     606    1374     604     352
              625    1382     597     360     622    1395
              589     360     614     366     615     367
              614    3903     588     367     621    1395
              583    1391     586     369     616    1395
              583     370     612     371     610     371
              616

          name CH_UP
             8125    3876     609    1378     606     347
              621    1383     596     360     620    1388
              592     364     616     367     616     371
              614    3902     583    1394     587    1394
              587    1403     584     365     613    1394
              586     370     611     371     611     371
              610

          name CH_DOWN
             8123    3871     609    1373     605     352
              626    1381     597     363     623    1389
              590     363     619     364     616     363
              612    3901     590     366     615     368
              613     369     612    1396     586    1395
              586     370     612     371     610     372
              610

          name PLAY
             8133    3866     609    1373     604     355
              630    1378     594     360     619    1388
              593     364     616     366     615     367
              614    3905     586     367     614    1395
              586    1395     587    1395     587     371
              616     369     612     365     613     369
              610

          name STOP
             8129    3867     609    1373     605     352
              629    1382     594     360     620    1387
              593     363     617     365     616     367
              613    3907     584    1393     589     368
              613    1394     587    1395     587     369
              618     370     610     369     615     371
              609

          name REW
             8132    3873     609    1371     601     352
              625    1383     597     359     620    1388
              592     364     620     364     618     364
              612    3902     589     367     614     368
              613     369     612     371     615    1401
              580     367     610     372     609     373
              607

          name FF
             8132    3868     608    1373     605     352
              625    1383     597     359     620    1389
              591     365     616     366     614     367
              614    3910     585    1389     588    1393
              588    1394     588    1397     590     364
              612     369     612     370     611     371
              610

          name PAUSE
             8128    3873     604    1372     606     352
              626    1381     597     360     619    1388
              599     361     618     360     616     367
              614    3901     589    1393     589     367
              613     369     613     369     613    1395
              586     370     611     371     610     372
              608

          name 3S
             8124    3880     605    1373     599     352
              625    1383     596     360     626    1393
              584     362     615     366     615     367
              614    3903     587    1402     579    1396
              586     368     614     368     613    1396
              585     370     611     371     610     375
              613

          name START_UP
             8137    3872     602    1374     605     352
              625    1382     598     359     619    1389
              592     363     617     366     614     368
              613    3912     584    1394     583     367
              614    1397     584    1396     586    1396
              585     369     612     371     611     371
              610

          name START_DOWN
             8124    3876     607    1375     602     355
              632    1382     593     359     622    1387
              588     364     615     367     614     367
              614    3910     582     368     613    1395
              586     369     613    1396     585    1400
              587     366     617     364     616     371
              609

          name END_UP
             8131    3871     605    1375     603     358
              625    1388     591     362     619    1390
              592     362     613     363     615     367
              614    3909     582    1394     588     367
              613     369     612    1398     584    1404
              586     363     615     370     612     371
              611

          name END_DOWN
             8131    3869     607    1382     602     355
              623    1382     595     355     620    1390
              590     364     617     365     615     370
              616    3904     589     365     617     361
              612    1396     586     369     614    1402
              577     370     612     371     610     372
              608

          name 1
             8130    3869     607    1375     604     357
              627    1385     593     358     615    1390
              591     364     616     366     615     368
              613    3909     582    1394     587     368
              614     368     612     370     612     370
              611     371     613     374     608     372
              610

          name 2
             8129    3869     608    1376     601     353
              625    1383     596     360     620    1388
              591     365     616     366     614     370
              619    3901     583     367     614    1395
              586     369     612     370     614     372
              613     367     614     369     608     371
              606

          name 3
             8133    3876     605    1371     604     351
              626    1382     597     359     620    1389
              599     356     621     367     613     364
              613    3903     588    1394     588    1400
              585     365     613     368     613     369
              613     370     611     371     610     372
              608

          name 4
             8126    3883     607    1374     601     348
              625    1383     596     359     621    1388
              592     364     617     365     615     367
              614    3904     587     370     615     369
              612    1403     580     369     612     365
              611     371     611     371     610     373
              606

          name 5
             8131    3875     602    1375     603     351
              626    1383     599     361     620    1389
              586     364     617     365     616     367
              614    3902     594    1397     583     368
              615    1397     585     366     617     362
              611     370     611     371     611     373
              610

          name 6
             8134    3876     600    1376     601     354
              624    1385     594     361     618    1391
              596     362     619     362     612     368
              614    3903     586     368     613    1400
              588    1401     576     368     612     371
              610     371     610     372     610     372
              608

          name 7
             8124    3883     600    1376     601     353
              625    1385     594     360     619    1392
              589     373     614     363     618     366
              614    3906     580    1395     586    1403
              582    1400     582     367     614     364
              612     371     611     372     609     372
              609

          name 8
             8134    3878     601    1377     598     352
              625    1385     595     359     620    1391
              589     365     621     364     618     364
              610    3905     586     368     613     369
              612     370     611    1408     581     364
              613     370     609     372     609     373
              606

          name 9
             8132    3873     604    1376     602     353
              624    1385     594     361     618    1393
              594     364     615     363     613     368
              613    3905     585    1397     585     372
              615     366     618    1395     580     368
              612     371     610     372     610     372
              608

          name 0
             8126    3878     604    1382     602     349
              631    1385     593     357     615    1391
              591     363     616     366     614     369
              612    3911     580     367     614     369
              612     371     611     370     611     371
              610     373     609     377     610     370
              610

          name 00
             8135    3875     601    1375     603     352
              625    1385     595     359     620    1390
              589     365     616     366     614     368
              614    3911     583     363     614    1396
              585     369     613    1397     583     371
              611     371     611     371     610     373
              607

          name INPUT
             8134    3876     600    1376     603     351
              630    1389     588     360     620    1390
              588     363     617     366     614     368
              613    3910     581     368     613     369
              612    1398     584    1398     584     369
              612     371     619     362     614     374
              606

          name REC
             8129    3876     600    1377     601     353
              624    1386     595     359     621    1390
              588     365     616     366     614     368
              614    3905     592     367     613    1394
              582     369     613     369     611    1400
              582     371     610     372     609     373
              612

          name SPEED
             8133    3875     600    1377     602     351
              625    1386     593     360     619    1391
              589     365     616     366     614     368
              617    3909     582    1395     583    1396
              585     368     613    1407     580    1396
              580     370     613     369     611     371
              610

          name MENU
             8134    3872     604    1376     609     352
              624    1387     592     359     615    1390
              590     364     617     366     613     368
              613    3913     584    1394     583    1395
              585     369     612    1400     587     364
              612     370     612     370     611     372
              609

          name LEFT
             8164    3839     607    1381     601     352
              626    1394     580     369     609    1389
              591     363     617     366     616     369
              616    3903     582     367     613     369
              613    1397     584    1405     581    1403
              580     369     634     348     612     368
              608

          name RIGHT
             8133    3871     604    1383     602     351
              626    1385     596     355     620    1387
              589     364     616     366     616     366
              621    3903     581    1395     586    1397
              585    1400     587    1396     579    1397
              584     370     612     370     611     371
              612

          name RESET
             8132    3878     603    1373     598     353
              626    1385     593     360     619    1392
              591     366     616     365     618     364
              612    3904     585    1396     586     368
              617     369     614     371     605     370
              611    1400     583     370     610     372
              608

          name REW_STOP
             8127    3876     604    1378     600     353
              624    1394     587     362     621    1392
              587     360     616     366     615     367
              613    3905     586    1397     584     368
              613    1398     583     370     612     370
              611    1400     587     373     608     373
              608

          name MINUS
             8134    3872     612    1379     595     355
              627    1385     594     357     620    1388
              588     363     617     365     621     367
              613    3905     581    1397     584     368
              613     369     632     355     613    1400
              579    1400     578     371     611     371
              610

          name SLOW
             8126    3877     604    1384     597     349
              625    1386     594     360     618    1392
              589     364     616     366     614     369
              620    3904     585    1398     578     368
              613     370     611    1403     582    1401
              578    1398     583     370     611     372
              610

          name PLUS
             8133    3873     604    1379     604     352
              627    1387     592     359     622    1386
              586     365     616     366     614     368
              613    3912     579    1396     585     368
              613    1398     584     369     628    1389
              577    1399     582     371     611     371
              610

          name HI-REW
             8129    3872     604    1378     601     353
              629    1388     589     357     620    1391
              589     364     616     367     614     368
              613    3911     580     367     614    1397
              584    1398     583    1399     583    1404
              578     370     612     370     611     372
              609

      end raw_codes

end remote
