# contributed by Matthias Urlichs <matthias|urlichs.de>
#
# brand:                       Rademacher
# model no. of remote control: 9490
# devices being controlled by this remote: Rollotron
#

begin remote

  name   Rademacher_9490
  flags RAW_CODES
  eps            30
  aeps          100

  ptrail        549
  repeat     0     0
  gap    29225

      begin raw_codes

          name A
              576    3668     533    3690     533    3690
              554    3669     554    3669     554    3669
              533    3690     533    3690     533    3690
              533    3690     533    3669     533    3690
              533    3690     533    3690     533    3690
              533    3690     533    3690     533

          name 1
             3754     490    3733     490     554    3668
              554    3712     554    3712     554    3669
              554    3669     554    3669     554    3669
              554    3668     554    3669     554    3669
              554    3669     554    3669     554    3669
              554    3669     554    3668     554

          name 2
              618    3626     576    3647    3754     469
             3754     469     576    3648     576    3648
              576    3648     576    3648     576    3647
              576    3648     576    3648     576    3626
              576    3648     576    3648     554    3669
              554    3668     554    3669     554

          name 3
              618    3648     576    3648     576    3647
              576    3648    3776     469    3754     469
              576    3648     576    3648     576    3648
              576    3647     576    3648     576    3626
              576    3648     576    3648     576    3626
              576    3626     576    3647     576

          name 4
              576    3669     554    3669     554    3669
              554    3669     554    3669     554    3669
             3733     490    3733     490     554    3712
              554    3712     554    3712     554    3690
              554    3648     554    3668     554    3669
              554    3669     554    3669     554

          name 5
              554    3669     554    3669     554    3668
              554    3669     554    3648     554    3669
              554    3669     554    3669    3733     490
             3733     469     554    3669     554    3669
              554    3648     554    3605     554    3626
              554    3669     554    3668     554

          name up
             3733     490    3754     490     576    3712
              576    3669    3733     490    3754     469
              554    3669     554    3669     554    3669
              554    3669     554    3648     554    3669
              554    3668     554    3669     554    3669
              554    3648    3733     469    3732

          name down
             3776     448    3754     469    3775     448
             3776     469     554    3668     554    3669
             3754     469    3776     469     554    3669
              554    3669     554    3669     554    3668
              554    3669     554    3669     554    3669
              554    3669     554    3669     554

          name up_full
             3754     490    3754     490     554    3669
              554    3668     554    3669     554    3669
              554    3669     554    3669     554    3669
              554    3669     554    3668     554    3669
             3733     490    3754     469    3754     490
             3754     490     554    3669     554

          name down_full
              618    3648     576    3648    3754     469
             3754     469     576    3648     576    3626
              576    3626     576    3648     576    3648
              576    3647     576    3648     576    3648
              576    3648     576    3648    3775     448
             3776     469    3776     469    3754

          name stop
              576    3669     554    3669    3712     512
             3712     512    3711     512    3712     512
              554    3668     554    3669    3712     512
             3733     490     554    3669     554    3669
              554    3669     554    3668     554    3669
              554    3669     554    3669     554

      end raw_codes

end remote
