#
# this config file was automatically generated
# using lirc-0.8.0(userspace) on Mon Jun 12 23:22:57 2006
#
# contributed by 
#
# brand:                       Panasonic
# model no. of remote control: VSQS1559
# devices being controlled by this remote:
#

begin remote

  name   Panasonic_VSQS1559
  flags RAW_CODES
  eps            30
  aeps          100

  ptrail          0
  repeat     0     0
  gap    74766

      begin raw_codes

          name power
             3557    1698     446     404     488    1266
              475     369     467     434     450     389
              472     427     464     432     425     391
              490     406     436     462     423     392
              465     443     464     396     445    1324
              406     435     450     416     420     424
              437     487     426     417     414     458
              409     513     396     474     387     454
              415    1301     445     451     385     485
              415     455     415     427     417     478
              424     418     444     499     362     492
              371    1368     363     507     355    1410
              368    1291     413    1325     454    1341
              386     454     411     437     448    1342
              385     460     386    1380     394    1318
              408    1360     371    1311     418     483
              408    1332     391

          name vcr/tv
             3465    1856     317     455     395    1372
              387     427     425     502     382     611
              245     528     343     525     340     536
              294     701     240     527     341    1400
              305     550     316    1410     344     544
              317     581     282     580     248    4115
              285    3138     329     547     340    1495
              217     693     179    1533     180    1584
              184    2438     104    2470     180    3264
              283    1379     333     534     330    1423
              105    2494     340     581     282    1377
              333    2411     238

          name input
             3441    1864     282     476     413    1358
              359     496     381     502     357     513
              366     527     369     422     411     541
              369     444     399     472     413     457
              387     604     108     693     341    1375
              356    1384     380    1495     231     583
              301    1494     186     574     343     663
              184    1421     275     649     305    1418
              156     781     230    2356     229    3195
              316    1532     185     576     302    1357
              390    3199     276     509     357    2266
              156    1679     278     539     228    1511
              325

          name play
             3436    1894     284     476     362    1463
              310     449     394     504     361    4914
              309     477     384     635     107     822
               97    2413     282     537     179     687
              328    1414     306    2384     233    8381
              337    7491     354    1515     238    3166
              280     536     337    6756     187

          name ffwd
             3484    1764     420     439     420    1314
              440     445     415     458     382     624
              233     509     384     477     407     489
              387     455     420     505     355     488
              396     460     298     558     385    1412
              331     548     327     504     362     674
              179     634     234     499     399     498
              389    1383     284     580     333    2303
              313     499     360     567     300     557
              154     662     348     563     349     466
              398     595     250     523     359    1383
              358    1459     312     450     387    1353
              390     535     366     448     406     548
              299    1412     342    3220     233    1453
              313     579     313     587     276

          name rew
             3431    1817     341     447     413    1442
              333     530     341     448     387    1450
              195     681     317     475     366     587
              275    2381     258    2195     385    1521
              182     698     102    7741     184    2263
              363   18083     155     559     367

          name stop
             3436    1819     225     687     323    1333
              397     527     336     618     233     583
              310     612     233     630     300     521
              331     485     353    1415     334    1505
              242    1505     182    1540     159     589
              369     628     199     547     353     493
              396    1477     259    1371     354    3232
              282    3063     381    2363     283    9181
              169    5182     184

          name prog
             3453    1778     394     499     361    1382
              361     509     392     420     413     484
              383     656     193     647     277     507
              335     482     414    1436     281     588
              280    3146     361     560     314     586
              277     544     178     632     355     541
              337    3278     180    3295     235     616
              179     714     182    3286     193    8489
              179     549     394    3111     331    5002
              189     625     328    3045     396

          name action
             3457    1838     293     560     356    1303
              422     473     395     532     329     529
              343     509     368     574     289     456
              437    1475     161     745     195     607
              242     652     229    1427     338     523
              374    1369     335     596     301     541
              313    3140     324    4064     297    1385
              108     875     194    5842     293    3115
              353    5778     321    1413     157    3340
              313    1343     409    1456     247

          name pause
             3453    1769     411     431     444    1295
              415     429     459     466     418     451
              387     454     444     471     375     531
              354     544     346     486     358     465
              411     515     346     467     397    1374
              378     518     346     468     391     451
              413     530     354     469     394     588
              292    1393     334     537     359     480
              361    1379     393     452     391     533
              328     514     359     509     366     513
              226     733     166     601     371     583
              285     546     275    1479     298    2231
              389     535     329     485     355     624
              316     513     294     619     298    3259
              182     523     366    1349     405     628
              185     664     177    1419     387

          name slow
             3494    1823     331     471     415    1352
              388     508     346     496     389     455
              393     451     417     535     351    1387
              334     481     411     541     301     697
              238    2187     366     479     382     596
              279     508     390     562     300     519
              329     593     314    1370     336     533
              330     622     234    1367     390     663
              240    1358     153    2583     183     575
              354     570     187    1524     315    1318
              407    1526     179    1520     249    2290
              326    2230     392    1428     329    1384
              356    4034     165     661     334    1353
              390

          name 1
             3516    1708     415     453     407    1361
              433     380     442     488     409     430
              445     451     410     458     415     430
              423     446     436     488     385     457
              396     446     439     513     353    1334
              394     474     412     511     353     518
              371     469     366     478     406     436
              427     466     397     521     363     547
              343    1342     386     453     385     485
              402     525     361     436     162     754
              360    1377     368     493     340     542
              352     491     395    1505     186    1388
              383     517     370     582     279     644
              192     541     355    2362     236    1370
              384     540     329     512     369

          name 2
             3565    1685     468     401     439    1303
              475     392     466     404     441     432
              474     395     462     434     418     424
              449     422     439     431     441     427
              450     449     411     430     411    1329
              446     396     465     460     399     496
              392     426     412     484     419     421
              444     455     411     460     422     446
              391    1350     415     455     418     423
              436     462     424     443     398     453
              431     487     399     443     416     483
              354    1412     368     473     388     455
              383     543     345    1335     395     466
              366     516     399     550     340    1396
              308     485     425     417     446     481
              380    1332     425     442     415     458
              380    1471     310

          name 3
             3509    1712     440     431     481    1258
              444     454     439     403     474     396
              441     455     413     432     450     417
              442     428     447     441     454     400
              462     434     401     466     420    1323
              405     464     425     444     415     456
              408     462     424     418     441     428
              439     432     448     448     413     431
              437    1304     429     467     409     460
              397     471     396     449     434     462
              397     552     341     448     410     463
              414     453     410    1304     448     420
              416     480     419    1322     394     502
              359     511     359     484     398     471
              387    1326     418     555     345     448
              389    1432     317     472     397     445
              442    1327     387

          name 4
             3563    1687     448     420     464    1278
              484     385     466     378     473     419
              475     397     464     408     476     390
              446     427     439     433     473     367
              466     432     441     427     450    1319
              410     435     440     426     449     447
              411     431     444     427     443     427
              438     460     449     417     394     423
              466    1304     445     423     437     459
              415     429     442     426     439     460
              384     458     424     474     410     433
              438    1332     405    1304     451     415
              438     458     384    1331     449     420
              416     483     410     457     418    1349
              384    1356     389     481     390     454
              384    1327     450     474     387     458
              405    1306     425

          name 5
             3587    1634     493     379     534    1203
              497     374     500     371     527     340
              493     406     457     407     477     370
              523     348     504     364     525     348
              480     390     489     379     502    1241
              487     380     490     406     478     364
              469     429     472     375     495     371
              490     408     466     427     444     403
              460    1254     471     395     464     432
              445     425     448     397     488     407
              478     390     446     453     408     462
              424     418     444     454     409    1331
              420     448     413    1328     417     425
              446     450     410     434     451     445
              419     422     437    1332     424     444
              413    1328     418     453     418     423
              436    1330     425

          name 6
             3567    1654     496     372     495    1246
              500     366     493     380     504     366
              493     388     499     387     473     370
              462     407     506     387     472     372
              500     372     501     368     491    1278
              476     364     494     404     471     373
              474     422     439     429     446     399
              499     396     465     405     478     390
              446    1295     441     429     450     421
              464     406     479     363     469     404
              461     434     448     420     438     432
              446    1295     443     425     464    1279
              447     392     466    1302     448     395
              495     401     434     436     453    1288
              463     404     438    1305     446     448
              412    1302     478     388     449     394
              465    1316     439

          name 7
             3546    1676     496     370     466    1277
              505     389     445     427     438     457
              448     369     492     432     424     414
              449     400     486     408     454     387
              495     431     419     451     428    1284
              462     435     424     443     448     397
              436     434     427     441     425     476
              408     487     399     441     420     425
              436    1360     392     448     413     458
              411     487     394     419     415     509
              367     476     419     423     413     488
              411     619     219    1356     394    1321
              408     462     422    1371     384     485
              355     569     311     477     383     527
              347    1406     359    1319     398     663
              239    1398     336     453     405     493
              396    1314     400

          name 8
             3573    1674     502     366     467    1246
              511     362     469     426     444     399
              502     367     488     408     479     363
              472     427     436     406     505     365
              468     429     443     426     455    1286
              435     435     453     413     471     401
              436     463     424     415     446     426
              437     433     448     420     458     412
              445    1321     423     440     394     457
              442     401     474     419     439     434
              444     427     445     422     428     471
              415    1299     415    1351     411    1330
              434     408     437    1324     421     426
              434     437     450     455     382    1321
              438    1306     416    1318     434     438
              448    1307     397     455     415     483
              421    1319     406

          name 9
             3521    1675     476     416     446    1285
              458     396     473     422     438     433
              458     465     391     435     427     460
              426     442     420     426     478     390
              452     446     413     456     409    1305
              448     420     415     455     448     422
              446     425     433     436     452     445
              412     458     408     462     424     416
              422    1346     411     461     420     447
              388     484     385     485     409     486
              362     480     423     474     383     461
              384     511     357     514     371     572
              307    1332     381    1334     446     476
              359     485     382     487     418     452
              387     537     333     513     386    1350
              354    1440     340     448     387     547
              163    1514     394

          name 0
             3570    1653     522     346     504    1237
              518     350     534     336     497     373
              533     337     496     374     494     375
              507     362     471     400     473     400
              498     369     517     380     479    1232
              471     401     508     360     471     427
              466     377     504     366     491     429
              429     413     474     399     439     429
              481    1235     495     401     467     376
              502     367     489     408     455     439
              449     368     490     411     450     415
              446    1297     501     368     444     424
              465    1276     451    1287     463     407
              485     383     448     424     437    1304
              450     392     486     410     455    1287
              467    1271     470     401     448     420
              439    1302     478

          name 100
             3517    1706     455     415     475    1271
              408     451     442     430     474     394
              441     430     443     455     420     425
              432     434     479     415     445     428
              408     436     428     492     394    1321
              408     434     452     418     443     453
              422     448     427     443     392     479
              383     487     427     441     394     450
              434    1332     422     421     439     459
              411     459     397     443     416     483
              424     415     424     476     385     483
              411     515     341     446     415    1381
              397    1313     419    1296     435     460
              423     473     362    1379     381     460
              399     472     389    1351     385    1370
              382    1342     384     487     386     511
              389     479     357

          name 0
             3571    1680     466     372     514    1230
              499     369     464     434     453     413
              472     372     500     371     503     366
              493     405     455     402     485     368
              493     406     479     389     469    1246
              474     421     450     392     490     381
              506     389     447     426     436     444
              441     391     492     403     471     375
              499    1293     410     434     479     389
              446     424     437     434     451     413
              448     425     436     434     476     395
              440    1301     445     450     417     427
              434    1305     450    1262     464     406
              476     420     446     427     433    1332
              421     394     466     432     444    1296
              419    1318     440     431     451     418
              440    1300     446

          name vol_up
             3500    1750     417     423     413    1329
              449     418     424     475     408     500
              191     640     399     499     389     479
              382     433     429     469     419     422
              413     513     392     490     283    1389
              437     516     371     493     368     453
              415     508     346     468     418     506
              334     553     310     588     296     503
              361    1571     180     525     343     651
              199     520     357     511     389     481
              367    1374     354     653     182    1531
              229     529     335    1462     297    1389
              364     666     180    2337     278    4000
              365     602     285    1358     366

          name vol_dn
             3465    1732     443     477     360    1328
              449     471     371     502     359     481
              385     488     397     445     436     460
              385     539     357     485     357     485
              422     448     388     485     382    1385
              365     502     382     460     390     481
              391     478     385     526     158     672
              399     469     392     506     357     540
              347    1411     340     483     383     460
              399     550     318     502     359     564
              302     639     244     553     338    2191
              382     679     180     644     159     772
              165    2294     329     534     336     667
              189    1493     217     500     359     593
              370    1396     312    1428     303     611
              247    1393     367

          name chan_up
             3546    1672     452     416     449    1323
              411     430     450     419     458     411
              472     399     450     418     467     403
              457     410     474     398     453     418
              452     444     444     416     393    1333
              447     393     464     436     436     455
              401     417     465     431     429     467
              423     440     418     483     404     443
              420    1294     436     516     343     441
              444     457     410     487     395     467
              390     460     386     503     377     445
              413     457     414     483     396    1345
              410     450     407    1312     420    1376
              391     424     428     443     457     412
              452     445     395    1345     381     488
              402    1337     419    1322     405     464
              399    1313     438

          name chan_dn
             3647    1601     551     318     550    1189
              549     322     518     352     539     328
              525     320     525     371     520     350
              516     355     531     311     549     347
              527     317     532     363     521    1221
              531     336     498     374     531     341
              522     346     489     380     506     361
              523     347     499     371     517     353
              494    1248     505     362     521     348
              535     336     497     374     502     369
              500     348     513     379     504     361
              500    1242     507     364     497    1241
              499     373     503    1235     491    1250
              501     367     492     380     497    1243
              506     361     497    1242     506     367
              497    1241     528    1216     493     371
              505    1236     503

          name sap/hi-fi
             3650    1575     574     296     546    1193
              577     287     574     325     532     336
              522     324     565     329     546     325
              541     326     528     317     554     315
              556     315     546     350     534    1180
              544     350     537     334     521     347
              537     334     521     350     534     309
              547    1233     522     328     532     320
              550    1213     492     376     535     334
              523     348     532     339     523     347
              520     347     533     338     520     350
              510     361     496    1244     535    1203
              522     348     496     374     530    1209
              517    1225     530    1208     492     378
              509    1230     522    1218     515     355
              495    1245     508    1231     522    1218
              499     369     530

          name speed
             3636    1614     537     331     521    1220
              532     335     523     351     533     333
              526     344     531     340     530     340
              519     352     509     358     523     350
              531     339     522     345     493    1249
              529     338     521     352     508     360
              499     371     497     373     507     360
              498    1245     535     334     497     373
              499    1241     501    1237     495     375
              532     336     497     376     504     378
              511     345     492     380     506     362
              497     373     509    1231     500     371
              492    1249     501     366     492     378
              509     360     498     371     498    1246
              511    1226     489     381     506    1232
              496    1244     507     364     500     368
              494    1247     502

          name counter
             3632    1618     534     332     532    1210
              534     336     525     343     525     346
              532     338     497     373     507     364
              500     367     494     378     506     369
              490     373     512     359     508    1233
              497     371     502     367     504     366
              495     375     509     360     499     373
              500    1241     498     369     492     378
              516    1223     497     373     509     362
              500     369     495     376     505     362
              497     372     503     369     504     366
              492     378     509     359     500    1243
              506     361     502    1238     498     374
              503    1233     494     377     508     359
              499     374     501    1240     494     373
              507     364     499     371     492    1248
              503    1235     491

          name zero
             3625    1623     502     340     546    1220
              530     313     546     352     583     259
              548     347     530     341     527     343
              516     354     532     336     499     373
              505     367     522     345     515    1225
              504     364     492     380     532     336
              523     347     500     371     527     367
              464    1277     479     363     521     350
              499    1242     499     370     489     381
              504     362     497     376     502     368
              502     365     493     380     507     362
              494    1245     501     395     474    1241
              462     406     506    1234     493    1273
              481    1234     491    1247     509    1232
              496     373     489    1250     504     366
              490     380     514    1251     471    1243
              506     363     498

          name rec
             3587    1632     544     352     532    1207
              519     350     538     333     537     333
              495     373     530     316     553     340
              518     355     530     336     499     373
              530     341     502     342     544    1222
              527     338     519     355     531     336
              526     344     500     371     530     341
              517    1222     532     336     497     373
              502    1242     496     372     494     374
              504     365     494     377     506     363
              500     370     524     344     507     366
              492     385     495     366     501     369
              490    1251     504     364     494     376
              504     369     497     369     491     380
              506     362     497     375     470    1273
              495    1242     464     406     503     364
              471    1272     506


      end raw_codes

end remote
