#
# this config file was automatically generated
# using lirc-0.8.0(serial) on Sun Jan  7 15:46:29 2007
#
# contributed by urs_lindegger|bluewin.ch
#
# brand:                       Melectronic
# model no. of remote control: PP3600
# devices being controlled by this remote: TV
#

begin remote

  name   Melectronic_PP3600
  flags RAW_CODES|CONST_LENGTH
  eps            30
  aeps          100

  ptrail          0
  repeat     0     0
  gap    63029

      begin raw_codes

          name one
             8493    4203     546     511     545    1566
              546     511     545     510     547     508
              547     509     547     509     564     492
              547    4176     573     510     547     510
              546     509     547     509     546    1565
              547     508     548     509     546     483
              573

          name two
             8490    4179     574     507     548    1565
              573     483     546     510     545     511
              546     509     564     492     548     508
              547    4205     545    1566     547     508
              548     508     548     507     549    1562
              549     508     548     507     548     508
              548

          name three
             8491    4179     572     507     548    1564
              547     509     548     508     547     508
              548     508     547     511     553     502
              545    4179     573     508     548    1563
              549     510     545     511     544    1566
              545     511     548     508     548     508
              547

          name four
             8492    4177     598     457     573    1566
              545     511     549     507     547     508
              547     510     546     508     548     509
              547    4176     598    1541     548    1564
              547     482     574     508     548    1563
              547     510     546     509     546     509
              547

          name five
             8492    4178     572     510     546    1567
              570     485     545     511     570     486
              546     510     546     481     576     508
              547    4204     544     511     546     511
              547    1564     546     510     547    1563
              548     509     547     509     547     507
              547

          name six
             8488    4205     548     507     548    1567
              545     509     546     509     547     510
              552     503     548     508     548     507
              549    4175     573    1566     546     510
              574    1537     549     507     549    1563
              547     509     547     508     548     508
              548

          name seven
             8490    4204     546     510     545    1567
              546     481     575     508     548     508
              548     508     571     484     548     507
              574    4179     547     508     547    1565
              547    1565     546     508     547    1565
              548     507     574     482     548     511
              545

          name eight
             8515    4153     574     508     547    1564
              548     507     547     509     547     508
              547     510     546     508     548     508
              572    4181     547    1564     551    1560
              552    1559     572     486     545    1567
              544     510     545     512     545     511
              547

          name nine
             8489    4179     574     507     548    1563
              549     510     545     510     546     509
              545     511     545     511     545     510
              545    4207     545     510     547     510
              545     510     546    1565     549    1563
              548     507     548     508     548     508
              548

          name zero
             8466    4204     545     510     549    1562
              548     509     546     509     547     509
              547     508     548     508     547     511
              544    4181     572    1564     565     491
              546     509     547    1565     547    1564
              547     507     549     508     548     510
              546

          name ten
             8518    4178     546     510     572    1540
              546     510     546     511     544     511
              569     487     546     509     547     509
              547    4205     544     511     556    1556
              546     508     547    1566     571    1541
              546     509     547     507     587     470
              547

          name twenty
             8490    4204     570     485     548    1564
              547     508     547     509     564     492
              548     508     547     508     547     509
              547    4205     573    1538     548    1564
              547     508     573    1540     546    1566
              544     511     545     511     545     511
              545

          name gainup
             8487    4209     544     511     570    1540
              545     510     547     510     545     510
              546     510     546     510     573     482
              549    4204     544    1567     544    1566
              545     512     547     507     548     508
              549     507     568     488     547     508
              574

          name contrastup
             8491    4180     598     482     548    1563
              548     508     548     508     548     508
              547     508     572     484     548     509
              572    4177     574     483     547     508
              574     482     548    1565     571     485
              545     510     547     509     545     511
              545

          name brightup
             8513    4153     573     510     546    1567
              544     511     570     485     545     511
              548     507     549     508     547     508
              571    4154     573     509     547    1565
              548    1563     548     508     548     508
              547     509     547     508     547     508
              548

          name gaindown
             8489    4181     570     510     568    1543
              571     487     544     510     546     510
              571     487     543     513     568     487
              544    4206     570     485     571     486
              545    1568     570     486     542     513
              543     513     543     513     570     485
              545

          name contrastdown
             8489    4181     570     511     544    1568
              544     510     546     510     545     510
              549     507     548     508     547     508
              575    4178     568    1543     547    1563
              549    1566     571     484     545     511
              545     511     545     510     546     510
              545

          name brightdown
             8491    4178     596     485     548    1565
              572     484     545     511     545     511
              545     510     546     510     545     510
              545    4208     545    1566     569     487
              545    1566     545     510     545     510
              546     510     545     511     570     485
              546

          name on
             8514    4156     595     486     570    1540
              546     509     573     484     545     510
              545     514     565     492     566     489
              567    4156     570     510     573    1541
              569    1542     543    1569     543     513
              568     488     571     483     576     481
              546

          name tvav
             8513    4181     546     509     571    1541
              545     511     570     485     545     510
              571     485     545     511     571     485
              545    4206     545    1566     592     464
              571    1541     570    1541     545     511
              551     505     572     483     569     486
              545

          name mute
             8489    4181     596     484     546    1566
              546     509     571     488     568     488
              581     474     568     489     551     503
              569    4155     596    1543     568     487
              543     513     543    1569     544     512
              556     499     543     512     569     487
              545

      end raw_codes

end remote
